#   ds =     0.0001
#   s             E             dE       ||Gammaod||    ||eta2B||    

0.0000000     1.5000000     -1.7500000    1.4142136     5.3385391     
0.0001000     1.4998252     -1.7467563    1.4121992     5.3385391     
0.0002000     1.4996516     -1.7369722    1.4081803     5.3263234     
0.0003000     1.4994807     -1.7207513    1.4021765     5.3019528     
0.0004000     1.4993136     -1.6982654    1.3942173     5.2655494     
0.0005000     1.4991516     -1.6697518    1.3843420     5.2172959     
0.0006000     1.4989958     -1.6355108    1.3725996     5.1574364     
0.0007000     1.4988474     -1.5959008    1.3590487     5.0862754     
0.0008000     1.4987074     -1.5513345    1.3437577     5.0041791     
0.0009000     1.4985766     -1.5022730    1.3268044     4.9115752     
0.0010000     1.4984560     -1.4492197    1.3082761     4.8089537     
0.0011000     1.4983463     -1.3927145    1.2882697     4.6968683     
0.0012000     1.4982482     -1.3333261    1.2668913     4.5759384     
0.0013000     1.4981620     -1.2716455    1.2442566     4.4468512     
0.0014000     1.4980883     -1.2082785    1.2204901     4.3103660     
0.0015000     1.4980273     -1.1438382    1.1957260     4.1673188     
0.0016000     1.4979791     -1.0789380    1.1701074     4.0186294     
0.0017000     1.4979437     -1.0141841    1.1437862     3.8653096     
0.0018000     1.4979212     -0.9501688    1.1169235     3.7084747     
0.0019000     1.4979112     -0.8874634    1.0896890     3.5493568     
0.0020000     1.4979135     -0.8266125    1.0622606     3.3893215     
0.0021000     1.4979276     -0.7681280    1.0348240     3.2298872     
0.0022000     1.4979531     -0.7124836    1.0075725     3.0727455     
0.0023000     1.4979892     -0.6601107    0.9807051     2.9197825     
0.0024000     1.4980353     -0.6113935    0.9544261     2.7730943     
0.0025000     1.4980907     -0.5666666    0.9289429     2.6349918     
0.0026000     1.4981545     -0.5262114    0.9044637     2.5079816     
0.0027000     1.4982259     -0.4902548    0.8811948     2.3947100     
0.0028000     1.4983039     -0.4589674    0.8593366     2.2978515     
0.0029000     1.4983875     -0.4324634    0.8390798     2.2199318     
0.0030000     1.4984760     -0.4108004    0.8206003     2.1630901     
0.0031000     1.4985681     -0.3939804    0.8040537     2.1288146     
0.0032000     1.4986631     -0.3819515    0.7895703     2.1177120     
0.0033000     1.4987600     -0.3746095    0.7772496     2.1293854     
0.0034000     1.4988578     -0.3718017    0.7671558     2.1624643     
0.0035000     1.4989557     -0.3733292    0.7593147     2.2147826     
0.0036000     1.4990528     -0.3789516    0.7537120     2.2836447     
0.0037000     1.4991483     -0.3883911    0.7502935     2.3661069     
0.0038000     1.4992416     -0.4013371    0.7489673     2.4592141     
0.0039000     1.4993319     -0.4174518    0.7496076     2.5601655     
0.0040000     1.4994187     -0.4363753    0.7520606     2.6664096     
0.0041000     1.4995014     -0.4577311    0.7561505     2.7756847     
0.0042000     1.4995796     -0.4811322    0.7616861     2.8860234     
0.0043000     1.4996530     -0.5061865    0.7684680     2.9957362     
0.0044000     1.4997211     -0.5325027    0.7762944     3.1033874     
0.0045000     1.4997840     -0.5596959    0.7849664     3.2077664     
0.0046000     1.4998413     -0.5873927    0.7942929     3.3078625     
0.0047000     1.4998930     -0.6152363    0.8040933     3.4028412     
0.0048000     1.4999392     -0.6428911    0.8142005     3.4920244     
0.0049000     1.4999799     -0.6700472    0.8244627     3.5748745     
0.0050000     1.5000153     -0.6964232    0.8347437     3.6509800     
0.0051000     1.5000454     -0.7217702    0.8449243     3.7200454     
0.0052000     1.5000707     -0.7458736    0.8549013     3.7818818     
0.0053000     1.5000912     -0.7685547    0.8645878     3.8363995     
0.0054000     1.5001074     -0.7896724    0.8739120     3.8836018     
0.0055000     1.5001196     -0.8091230    0.8828170     3.9235794     
0.0056000     1.5001280     -0.8268400    0.8912593     3.9565055     
0.0057000     1.5001330     -0.8427932    0.8992079     3.9826313     
0.0058000     1.5001351     -0.8569868    0.9066433     4.0022810     
0.0059000     1.5001345     -0.8694576    0.9135563     4.0158475     
0.0060000     1.5001315     -0.8802716    0.9199466     4.0237869     
0.0061000     1.5001266     -0.8895214    0.9258220     4.0266135     
0.0062000     1.5001200     -0.8973220    0.9311967     4.0248929     
0.0063000     1.5001119     -0.9038075    0.9360903     4.0192355     
0.0064000     1.5001027     -0.9091259    0.9405266     4.0102888     
0.0065000     1.5000925     -0.9134360    0.9445327     3.9987280     
0.0066000     1.5000815     -0.9169020    0.9481370     3.9852466     
0.0067000     1.5000699     -0.9196898    0.9513691     3.9705453     
0.0068000     1.5000578     -0.9219624    0.9542579     3.9553203     
0.0069000     1.5000452     -0.9238762    0.9568312     3.9402501     
0.0070000     1.5000323     -0.9255767    0.9591143     3.9259826     
0.0071000     1.5000191     -0.9271960    0.9611296     3.9131210     
0.0072000     1.5000055     -0.9288486    0.9628953     3.9022108     
0.0073000     1.4999916     -0.9306300    0.9644255     3.8937265     
0.0074000     1.4999773     -0.9326137    0.9657290     3.8880603     
0.0075000     1.4999626     -0.9348499    0.9668095     3.8855121     
0.0076000     1.4999474     -0.9373643    0.9676651     3.8862825     
0.0077000     1.4999316     -0.9401580    0.9682881     3.8904671     
0.0078000     1.4999153     -0.9432065    0.9686654     3.8980558     
0.0079000     1.4998983     -0.9464612    0.9687783     3.9089336     
0.0080000     1.4998807     -0.9498496    0.9686030     3.9228850     
0.0081000     1.4998624     -0.9532770    0.9681111     3.9396010     
0.0082000     1.4998434     -0.9566283    0.9672699     3.9586883     
0.0083000     1.4998237     -0.9597702    0.9660432     3.9796803     
0.0084000     1.4998034     -0.9625541    0.9643918     4.0020488     
0.0085000     1.4997826     -0.9648186    0.9622744     4.0252168     
0.0086000     1.4997614     -0.9663929    0.9596485     4.0485708     
0.0087000     1.4997400     -0.9671001    0.9564708     4.0714729     
0.0088000     1.4997186     -0.9667609    0.9526986     4.0932723     
0.0089000     1.4996973     -0.9651969    0.9482904     4.1133155     
0.0090000     1.4996765     -0.9622349    0.9432069     4.1309559     
0.0091000     1.4996564     -0.9577100    0.9374117     4.1455617     
0.0092000     1.4996373     -0.9514696    0.9308727     4.1565231     
0.0093000     1.4996197     -0.9433766    0.9235626     4.1632588     
0.0094000     1.4996039     -0.9333133    0.9154600     4.1652207     
0.0095000     1.4995903     -0.9211841    0.9065504     4.1618987     
0.0096000     1.4995793     -0.9069186    0.8968273     4.1528245     
0.0097000     1.4995714     -0.8904741    0.8862928     4.1375748     
0.0098000     1.4995670     -0.8718381    0.8749591     4.1157742     
0.0099000     1.4995665     -0.8510297    0.8628497     4.0870979     
0.0100000     1.4995704     -0.8281017    0.8499998     4.0512744     
0.0101000     1.4995791     -0.8031410    0.8364584     4.0080875     
0.0102000     1.4995929     -0.7762695    0.8222894     3.9573794     
0.0103000     1.4996123     -0.7476439    0.8075724     3.8990530     
0.0104000     1.4996375     -0.7174557    0.7924050     3.8330757     
0.0105000     1.4996689     -0.6859296    0.7769035     3.7594824     
0.0106000     1.4997068     -0.6533224    0.7612046     3.6783809     
0.0107000     1.4997512     -0.6199211    0.7454669     3.5899564     
0.0108000     1.4998023     -0.5860401    0.7298716     3.4944795     
0.0109000     1.4998603     -0.5520184    0.7146231     3.3923140     
0.0110000     1.4999250     -0.5182164    0.6999489     3.2839288     
0.0111000     1.4999964     -0.4850117    0.6860985     3.1699113     
0.0112000     1.5000744     -0.4527955    0.6733405     3.0509861     
0.0113000     1.5001587     -0.4219675    0.6619584     2.9280377     
0.0114000     1.5002491     -0.3929316    0.6522437     2.8021397     
0.0115000     1.5003450     -0.3660909    0.6444872     2.6745910     
0.0116000     1.5004461     -0.3418422    0.6389675     2.5469598     
0.0117000     1.5005517     -0.3205713    0.6359387     2.4211343     
0.0118000     1.5006614     -0.3026478    0.6356166     2.2993764     
0.0119000     1.5007742     -0.2884194    0.6381671     2.1843686     
0.0120000     1.5008896     -0.2782075    0.6436956     2.0792355     
0.0121000     1.5010067     -0.2723019    0.6522416     1.9875071     
0.0122000     1.5011245     -0.2709565    0.6637776     1.9129816     
0.0123000     1.5012421     -0.2743849    0.6782125     1.8594466     
0.0124000     1.5013587     -0.2827566    0.6953989     1.8302542     
0.0125000     1.5014732     -0.2961935    0.7151436     1.8278196     
0.0126000     1.5015845     -0.3147669    0.7372188     1.8531986     
0.0127000     1.5016917     -0.3384953    0.7613731     1.9059125     
0.0128000     1.5017937     -0.3673425    0.7873415     1.9840958     
0.0129000     1.5018895     -0.4012163    0.8148535     2.0848914     
0.0130000     1.5019781     -0.4399681    0.8436398     2.2049240     
0.0131000     1.5020587     -0.4833934    0.8734371     2.3407068     
0.0132000     1.5021302     -0.5312321    0.9039908     2.4889130     
0.0133000     1.5021918     -0.5831705    0.9350574     2.6465157     
0.0134000     1.5022427     -0.6388435    0.9664056     2.8108344     
0.0135000     1.5022823     -0.6978375    0.9978165     2.9795253     
0.0136000     1.5023100     -0.7596944    1.0290840     3.1505471     
0.0137000     1.5023251     -0.8239156    1.0600143     3.3221178     
0.0138000     1.5023273     -0.8899668    1.0904260     3.4926734     
0.0139000     1.5023162     -0.9572841    1.1201491     3.6608316     
0.0140000     1.5022918     -1.0252793    1.1490250     3.8253614     
0.0141000     1.5022538     -1.0933469    1.1769062     3.9851601     
0.0142000     1.5022024     -1.1608706    1.2036558     4.1392337     
0.0143000     1.5021377     -1.2272300    1.2291470     4.2866834     
0.0144000     1.5020600     -1.2918086    1.2532635     4.4266949     
0.0145000     1.5019697     -1.3540006    1.2758987     4.5585298     
0.0146000     1.5018674     -1.4132181    1.2969559     4.6815207     
0.0147000     1.5017537     -1.4688985    1.3163482     4.7950663     
0.0148000     1.5016293     -1.5205114    1.3339983     4.8986291     
0.0149000     1.5014952     -1.5675650    1.3498386     4.9917333     
0.0150000     1.5013522     -1.6096127    1.3638113     5.0739636     
0.0151000     1.5012014     -1.6462579    1.3758679     5.1449644     
0.0152000     1.5010439     -1.6771600    1.3859700     5.2044399     
0.0153000     1.5008809     -1.7020379    1.3940886     5.2521537     
0.0154000     1.5007136     -1.7206740    1.4002043     5.2879290     
0.0155000     1.5005433     -1.7329165    1.4043076     5.3116489     
0.0156000     1.5003712     -1.7386818    1.4063987     5.3232565     
0.0157000     1.5001986     -1.7379547    1.4064871     5.3227553     
0.0158000     1.5000268     -1.7307889    1.4045924     5.3102095     
0.0159000     1.4998571     -1.7173058    1.4007433     5.2857440     
0.0160000     1.4996907     -1.6976929    1.3949785     5.2495447     
0.0161000     1.4995289     -1.6722008    1.3873456     5.2018588     
0.0162000     1.4993727     -1.6411398    1.3779020     5.1429950     
0.0163000     1.4992232     -1.6048755    1.3667142     5.0733238     
0.0164000     1.4990814     -1.5638241    1.3538575     4.9932781     
0.0165000     1.4989482     -1.5184462    1.3394166     4.9033537     
0.0166000     1.4988244     -1.4692411    1.3234848     4.8041104     
0.0167000     1.4987108     -1.4167398    1.3061638     4.6961733     
0.0168000     1.4986078     -1.3614987    1.2875641     4.5802349     
0.0169000     1.4985161     -1.3040918    1.2678041     4.4570573     
0.0170000     1.4984360     -1.2451039    1.2470102     4.3274758     
0.0171000     1.4983677     -1.1851230    1.2253164     4.1924031     
0.0172000     1.4983113     -1.1247336    1.2028639     4.0528342     
0.0173000     1.4982670     -1.0645094    1.1798009     3.9098532     
0.0174000     1.4982345     -1.0050067    1.1562818     3.7646403     
0.0175000     1.4982137     -0.9467584    1.1324668     3.6184801     
0.0176000     1.4982044     -0.8902678    1.1085211     3.4727698     
0.0177000     1.4982060     -0.8360038    1.0846139     3.3290267     
0.0178000     1.4982181     -0.7843960    1.0609175     3.1888932     
0.0179000     1.4982401     -0.7358305    1.0376060     3.0541356     
0.0180000     1.4982714     -0.6906468    1.0148533     2.9266341     
0.0181000     1.4983113     -0.6491353    0.9928318     2.8083568     
0.0182000     1.4983590     -0.6115351    0.9717097     2.7013130     
0.0183000     1.4984138     -0.5780328    0.9516488     2.6074789     
0.0184000     1.4984747     -0.5487624    0.9328015     2.5286943     
0.0185000     1.4985410     -0.5238053    0.9153079     2.4665342     
0.0186000     1.4986118     -0.5031914    0.8992927     2.4221695     
0.0187000     1.4986861     -0.4869005    0.8848622     2.3962400     
0.0188000     1.4987633     -0.4748649    0.8721010     2.3887705     
0.0189000     1.4988423     -0.4669716    0.8610699     2.3991496     
0.0190000     1.4989225     -0.4630664    0.8518039     2.4261828     
0.0191000     1.4990030     -0.4629569    0.8443112     2.4682061     
0.0192000     1.4990831     -0.4664171    0.8385728     2.5232342     
0.0193000     1.4991621     -0.4731919    0.8345436     2.5891141     
0.0194000     1.4992394     -0.4830012    0.8321541     2.6636607     
0.0195000     1.4993144     -0.4955455    0.8313128     2.7447596     
0.0196000     1.4993866     -0.5105103    0.8319101     2.8304371     
0.0197000     1.4994555     -0.5275713    0.8338214     2.9188993     
0.0198000     1.4995208     -0.5463993    0.8369116     3.0085495     
0.0199000     1.4995822     -0.5666647    0.8410388     3.0979899     
0.0200000     1.4996394     -0.5880425    0.8460583     3.1860132     
0.0201000     1.4996921     -0.6102162    0.8518259     3.2715909     
0.0202000     1.4997404     -0.6328819    0.8582009     3.3538578     
0.0203000     1.4997840     -0.6557521    0.8650483     3.4320983     
0.0204000     1.4998231     -0.6785586    0.8722414     3.5057318     
0.0205000     1.4998576     -0.7010556    0.8796624     3.5743005     
0.0206000     1.4998876     -0.7230218    0.8872041     3.6374583     
0.0207000     1.4999133     -0.7442622    0.8947702     3.6949611     
0.0208000     1.4999347     -0.7646093    0.9022756     3.7466583     
0.0209000     1.4999522     -0.7839245    0.9096464     3.7924854     
0.0210000     1.4999660     -0.8020977    0.9168197     3.8324579     
0.0211000     1.4999762     -0.8190476    0.9237432     3.8666647     
0.0212000     1.4999831     -0.8347208    0.9303747     3.8952635     
0.0213000     1.4999870     -0.8490911    0.9366812     3.9184758     
0.0214000     1.4999881     -0.8621579    0.9426386     3.9365819     
0.0215000     1.4999868     -0.8739442    0.9482303     3.9499163     
0.0216000     1.4999832     -0.8844947    0.9534472     3.9588635     
0.0217000     1.4999776     -0.8938735    0.9582857     3.9638521     
0.0218000     1.4999702     -0.9021612    0.9627479     3.9653504     
0.0219000     1.4999612     -0.9094523    0.9668401     3.9638604     
0.0220000     1.4999509     -0.9158519    0.9705719     3.9599112     
0.0221000     1.4999393     -0.9214730    0.9739556     3.9540525     
0.0222000     1.4999267     -0.9264333    0.9770049     3.9468467     
0.0223000     1.4999132     -0.9308517    0.9797344     3.9388605     
0.0224000     1.4998988     -0.9348458    0.9821587     3.9306559     
0.0225000     1.4998836     -0.9385286    0.9842915     3.9227800     
0.0226000     1.4998678     -0.9420055    0.9861447     3.9157549     
0.0227000     1.4998512     -0.9453718    0.9877282     3.9100670     
0.0228000     1.4998340     -0.9487102    0.9890489     3.9061563     
0.0229000     1.4998161     -0.9520884    0.9901102     3.9044057     
0.0230000     1.4997975     -0.9555573    0.9909116     3.9051317     
0.0231000     1.4997782     -0.9591492    0.9914483     3.9085755     
0.0232000     1.4997581     -0.9628764    0.9917112     3.9148963     
0.0233000     1.4997373     -0.9667304    0.9916864     3.9241658     
0.0234000     1.4997157     -0.9706813    0.9913550     3.9363657     
0.0235000     1.4996933     -0.9746774    0.9906937     3.9513863     
0.0236000     1.4996701     -0.9786458    0.9896746     3.9690292     
0.0237000     1.4996462     -0.9824926    0.9882653     3.9890100     
0.0238000     1.4996214     -0.9861047    0.9864299     4.0109652     
0.0239000     1.4995960     -0.9893506    0.9841284     4.0344590     
0.0240000     1.4995699     -0.9920828    0.9813182     4.0589930     
0.0241000     1.4995434     -0.9941402    0.9779544     4.0840151     
0.0242000     1.4995165     -0.9953505    0.9739900     4.1089306     
0.0243000     1.4994894     -0.9955338    0.9693773     4.1331122     
0.0244000     1.4994624     -0.9945055    0.9640684     4.1559109     
0.0245000     1.4994357     -0.9920803    0.9580160     4.1766653     
0.0246000     1.4994097     -0.9880761    0.9511741     4.1947119     
0.0247000     1.4993845     -0.9823176    0.9434993     4.2093935     
0.0248000     1.4993607     -0.9746409    0.9349514     4.2200673     
0.0249000     1.4993387     -0.9648974    0.9254945     4.2261124     
0.0250000     1.4993187     -0.9529576    0.9150978     4.2269364     
0.0251000     1.4993013     -0.9387152    0.9037369     4.2219814     
0.0252000     1.4992870     -0.9220907    0.8913948     4.2107295     
0.0253000     1.4992762     -0.9030346    0.8780626     4.1927071     
0.0254000     1.4992694     -0.8815303    0.8637414     4.1674898     
0.0255000     1.4992672     -0.8575968    0.8484429     4.1347054     
0.0256000     1.4992699     -0.8312905    0.8321911     4.0940381     
0.0257000     1.4992781     -0.8027065    0.8150237     4.0452315     
0.0258000     1.4992921     -0.7719795    0.7969940     3.9880914     
0.0259000     1.4993125     -0.7392843    0.7781723     3.9224891     
0.0260000     1.4993396     -0.7048344    0.7586485     3.8483645     
0.0261000     1.4993737     -0.6688818    0.7385341     3.7657293     
0.0262000     1.4994150     -0.6317146    0.7179650     3.6746714     
0.0263000     1.4994639     -0.5936545    0.6971043     3.5753595     
0.0264000     1.4995204     -0.5550541    0.6761455     3.4680487     
0.0265000     1.4995846     -0.5162929    0.6553153     3.3530893     
0.0266000     1.4996565     -0.4777733    0.6348769     3.2309362     
0.0267000     1.4997361     -0.4399156    0.6151317     3.1021632     
0.0268000     1.4998231     -0.4031535    0.5964202     2.9674819     
0.0269000     1.4999173     -0.3679285    0.5791202     2.8277662     
0.0270000     1.5000183     -0.3346842    0.5636409     2.6840878     
0.0271000     1.5001258     -0.3038606    0.5504121     2.5377615     
0.0272000     1.5002391     -0.2758886    0.5398675     2.3904080     
0.0273000     1.5003578     -0.2511836    0.5324212     2.2440344     
0.0274000     1.5004810     -0.2301403    0.5284395     2.1011359     
0.0275000     1.5006080     -0.2131270    0.5282112     1.9648116     
0.0276000     1.5007381     -0.2004802    0.5319230     1.8388743     
0.0277000     1.5008703     -0.1924996    0.5396421     1.7279018     
0.0278000     1.5010036     -0.1894438    0.5513137     1.6371302     
0.0279000     1.5011370     -0.1915257    0.5667705     1.5720565     
0.0280000     1.5012696     -0.1989091    0.5857531     1.5376597     
0.0281000     1.5014002     -0.2117056    0.6079356     1.5373597     
0.0282000     1.5015278     -0.2299721    0.6329520     1.5721372     
0.0283000     1.5016512     -0.2537085    0.6604187     1.6403143     
0.0284000     1.5017695     -0.2828570    0.6899523     1.7381262     
0.0285000     1.5018814     -0.3173012    0.7211815     1.8607122     
0.0286000     1.5019861     -0.3568661    0.7537547     2.0030274     
0.0287000     1.5020824     -0.4013192    0.7873440     2.1604131     
0.0288000     1.5021695     -0.4503718    0.8216455     2.3288343     
0.0289000     1.5022464     -0.5036813    0.8563798     2.5049058     
0.0290000     1.5023124     -0.5608541    0.8912903     2.6858197     
0.0291000     1.5023667     -0.6214488    0.9261415     2.8692434     
0.0292000     1.5024088     -0.6849809    0.9607173     3.0532214     
0.0293000     1.5024379     -0.7509274    0.9948191     3.2360941     
0.0294000     1.5024539     -0.8187318    1.0282644     3.4164325     
0.0295000     1.5024562     -0.8878103    1.0608855     3.5929901     
0.0296000     1.5024448     -0.9575581    1.0925279     3.7646663     
0.0297000     1.5024195     -1.0273557    1.1230500     3.9304802     
0.0298000     1.5023804     -1.0965762    1.1523218     4.0895506     
0.0299000     1.5023277     -1.1645922    1.1802246     4.2410827     
0.0300000     1.5022617     -1.2307831    1.2066505     4.3843581     
0.0301000     1.5021828     -1.2945424    1.2315017     4.5187273     
0.0302000     1.5020916     -1.3552849    1.2546910     4.6436056     
0.0303000     1.5019886     -1.4124538    1.2761407     4.7584693     
0.0304000     1.5018748     -1.4655273    1.2957831     4.8628540     
0.0305000     1.5017508     -1.5140250    1.3135604     4.9563535     
0.0306000     1.5016178     -1.5575135    1.3294241     5.0386190     
0.0307000     1.5014767     -1.5956123    1.3433357     5.1093591     
0.0308000     1.5013286     -1.6279978    1.3552662     5.1683399     
0.0309000     1.5011747     -1.6544074    1.3651961     5.2153855     
0.0310000     1.5010162     -1.6746429    1.3731158     5.2503779     
0.0311000     1.5008543     -1.6885721    1.3790249     5.2732581     
0.0312000     1.5006903     -1.6961306    1.3829330     5.2840261     
0.0313000     1.5005255     -1.6973225    1.3848589     5.2827414     
0.0314000     1.5003611     -1.6922191    1.3848311     5.2695232     
0.0315000     1.5001984     -1.6809584    1.3828874     5.2445513     
0.0316000     1.5000386     -1.6637423    1.3790749     5.2080654     
0.0317000     1.4998828     -1.6408339    1.3734500     5.1603666     
0.0318000     1.4997321     -1.6125532    1.3660783     5.1018166     
0.0319000     1.4995876     -1.5792730    1.3570341     5.0328390     
0.0320000     1.4994501     -1.5414134    1.3464006     4.9539198     
0.0321000     1.4993207     -1.4994360    1.3342695     4.8656081     
0.0322000     1.4992000     -1.4538379    1.3207410     4.7685173     
0.0323000     1.4990886     -1.4051448    1.3059232     4.6633270     
0.0324000     1.4989873     -1.3539044    1.2899319     4.5507852     
0.0325000     1.4988963     -1.3006794    1.2728905     4.4317110     
0.0326000     1.4988161     -1.2460400    1.2549291     4.3069980     
0.0327000     1.4987469     -1.1905577    1.2361845     4.1776190     
0.0328000     1.4986887     -1.1347973    1.2167994     4.0446304     
0.0329000     1.4986416     -1.0793115    1.1969217     3.9091778     
0.0330000     1.4986054     -1.0246334    1.1767038     3.7725020     
0.0331000     1.4985800     -0.9712713    1.1563015     3.6359438     
0.0332000     1.4985651     -0.9197027    1.1358732     3.5009481     
0.0333000     1.4985601     -0.8703699    1.1155784     3.3690640     
0.0334000     1.4985647     -0.8236748    1.0955766     3.2419405     
0.0335000     1.4985782     -0.7799757    1.0760249     3.1213125     
0.0336000     1.4986001     -0.7395841    1.0570770     3.0089749     
0.0337000     1.4986297     -0.7027616    1.0388804     2.9067397     
0.0338000     1.4986661     -0.6697189    1.0215747     2.8163738     
0.0339000     1.4987087     -0.6406143    1.0052890     2.7395152     
0.0340000     1.4987567     -0.6155531    0.9901392     2.6775734     
0.0341000     1.4988092     -0.5945883    0.9762262     2.6316219     
0.0342000     1.4988654     -0.5777215    0.9636333     2.6023004     
0.0343000     1.4989245     -0.5649043    0.9524246     2.5897442     
0.0344000     1.4989858     -0.5560409    0.9426431     2.5935581     
0.0345000     1.4990484     -0.5509908    0.9343101     2.6128413     
0.0346000     1.4991115     -0.5495723    0.9274246     2.6462603     
0.0347000     1.4991746     -0.5515664    0.9219639     2.6921541     
0.0348000     1.4992369     -0.5567213    0.9178845     2.7486531     
0.0349000     1.4992978     -0.5647571    0.9151238     2.8137925     
0.0350000     1.4993568     -0.5753709    0.9136024     2.8856086     
0.0351000     1.4994135     -0.5882423    0.9132266     2.9622111     
0.0352000     1.4994673     -0.6030386    0.9138917     3.0418327     
0.0353000     1.4995180     -0.6194207    0.9154849     3.1228587     
0.0354000     1.4995653     -0.6370482    0.9178885     3.2038409     
0.0355000     1.4996089     -0.6555853    0.9209829     3.2835012     
0.0356000     1.4996488     -0.6747058    0.9246493     3.3607286     
0.0357000     1.4996847     -0.6940982    0.9287723     3.4345728     
0.0358000     1.4997168     -0.7134703    0.9332418     3.5042351     
0.0359000     1.4997450     -0.7325529    0.9379551     3.5690596     
0.0360000     1.4997694     -0.7511044    0.9428177     3.6285249     
0.0361000     1.4997902     -0.7689130    0.9477450     3.6822357     
0.0362000     1.4998075     -0.7857994    0.9526622     3.7299156     
0.0363000     1.4998215     -0.8016188    0.9575055     3.7714009     
0.0364000     1.4998325     -0.8162617    0.9622215     3.8066345     
0.0365000     1.4998406     -0.8296546    0.9667675     3.8356609     
0.0366000     1.4998462     -0.8417590    0.9711109     3.8586210     
0.0367000     1.4998495     -0.8525713    0.9752290     3.8757473     
0.0368000     1.4998507     -0.8621202    0.9791079     3.8873590     
0.0369000     1.4998502     -0.8704650    0.9827419     3.8938570     
0.0370000     1.4998480     -0.8776924    0.9861326     3.8957178     
0.0371000     1.4998446     -0.8839131    0.9892880     3.8934872     
0.0372000     1.4998399     -0.8892580    0.9922211     3.8877729     
0.0373000     1.4998342     -0.8938743    0.9949489     3.8792362     
0.0374000     1.4998277     -0.8979205    0.9974912     3.8685816     
0.0375000     1.4998204     -0.9015622    0.9998697     3.8565460     
0.0376000     1.4998123     -0.9049675    1.0021061     3.8438854     
0.0377000     1.4998036     -0.9083022    1.0042216     3.8313605     
0.0378000     1.4997942     -0.9117252    1.0062357     3.8197209     
0.0379000     1.4997840     -0.9153844    1.0081647     3.8096880     
0.0380000     1.4997731     -0.9194125    1.0100211     3.8019373     
0.0381000     1.4997612     -0.9239235    1.0118128     3.7970807     
0.0382000     1.4997484     -0.9290094    1.0135422     3.7956492     
0.0383000     1.4997345     -0.9347377    1.0152055     3.7980774     
0.0384000     1.4997194     -0.9411486    1.0167926     3.8046903     
0.0385000     1.4997029     -0.9482541    1.0182866     3.8156935     
0.0386000     1.4996848     -0.9560365    1.0196638     3.8311667     
0.0387000     1.4996651     -0.9644479    1.0208936     3.8510617     
0.0388000     1.4996437     -0.9734108    1.0219388     3.8752050     
0.0389000     1.4996204     -0.9828185    1.0227560     3.9033034     
0.0390000     1.4995951     -0.9925364    1.0232958     3.9349541     
0.0391000     1.4995679     -1.0024042    1.0235038     3.9696572     
0.0392000     1.4995386     -1.0122378    1.0233208     4.0068295     
0.0393000     1.4995074     -1.0218329    1.0226840     4.0458202     
0.0394000     1.4994743     -1.0309673    1.0215272     4.0859268     
0.0395000     1.4994394     -1.0394056    1.0197825     4.1264098     
0.0396000     1.4994028     -1.0469022    1.0173802     4.1665074     
0.0397000     1.4993649     -1.0532061    1.0142503     4.2054484     
0.0398000     1.4993258     -1.0580652    1.0103234     4.2424639     
0.0399000     1.4992858     -1.0612304    1.0055310     4.2767970     
0.0400000     1.4992454     -1.0624605    0.9998069     4.3077121     
0.0401000     1.4992049     -1.0615264    0.9930877     4.3345011     
0.0402000     1.4991648     -1.0582158    0.9853136     4.3564899     
0.0403000     1.4991256     -1.0523370    0.9764294     4.3730428     
0.0404000     1.4990878     -1.0437235    0.9663847     4.3835667     
0.0405000     1.4990520     -1.0322368    0.9551353     4.3875132     
0.0406000     1.4990187     -1.0177708    0.9426431     4.3843821     
0.0407000     1.4989886     -1.0002540    0.9288777     4.3737220     
0.0408000     1.4989622     -0.9796523    0.9138163     4.3551326     
0.0409000     1.4989402     -0.9559712    0.8974447     4.3282654     
0.0410000     1.4989232     -0.9292570    0.8797583     4.2928245     
0.0411000     1.4989118     -0.8995981    0.8607628     4.2485675     
0.0412000     1.4989066     -0.8671253    0.8404751     4.1953062     
0.0413000     1.4989080     -0.8320116    0.8189244     4.1329069     
0.0414000     1.4989167     -0.7944715    0.7961537     4.0612917     
0.0415000     1.4989331     -0.7547597    0.7722215     3.9804390     
0.0416000     1.4989576     -0.7131694    0.7472034     3.8903852     
0.0417000     1.4989905     -0.6700293    0.7211950     3.7912257     
0.0418000     1.4990320     -0.6257013    0.6943147     3.6831180     
0.0419000     1.4990825     -0.5805766    0.6667079     3.5662845     
0.0420000     1.4991421     -0.5350720    0.6385518     3.4410170     
0.0421000     1.4992107     -0.4896253    0.6100615     3.3076833     
0.0422000     1.4992883     -0.4446909    0.5814977     3.1667358     
0.0423000     1.4993747     -0.4007347    0.5531760     3.0187242     
0.0424000     1.4994698     -0.3582287    0.5254770     2.8643134     
0.0425000     1.4995732     -0.3176456    0.4988575     2.7043091     
0.0426000     1.4996844     -0.2794537    0.4738599     2.5396951     
0.0427000     1.4998030     -0.2441106    0.4511161     2.3716868     
0.0428000     1.4999283     -0.2120580    0.4313397     2.2018103     
0.0429000     1.5000597     -0.1837163    0.4152985     2.0320181     
0.0430000     1.5001963     -0.1594790    0.4037585     1.8648563     
0.0431000     1.5003374     -0.1397078    0.3974005     1.7037003     
0.0432000     1.5004819     -0.1247275    0.3967205     1.5530600     
0.0433000     1.5006290     -0.1148218    0.4019463     1.4189048     
0.0434000     1.5007775     -0.1102292    0.4130006     1.3088153     
0.0435000     1.5009265     -0.1111389    0.4295273     1.2315254     
0.0436000     1.5010748     -0.1176883    0.4509674     1.1953000     
0.0437000     1.5012212     -0.1299601    0.4766522     1.2052416     
0.0438000     1.5013647     -0.1479800    0.5058858     1.2611135     
0.0439000     1.5015041     -0.1717162    0.5380012     1.3575944     
0.0440000     1.5016382     -0.2010776    0.5723906     1.4866828     
0.0441000     1.5017660     -0.2359145    0.6085166     1.6402024     
0.0442000     1.5018863     -0.2760189    0.6459109     1.8111478     
0.0443000     1.5019983     -0.3211260    0.6841680     1.9939934     
0.0444000     1.5021008     -0.3709157    0.7229365     2.1845102     
0.0445000     1.5021931     -0.4250161    0.7619103     2.3794630     
0.0446000     1.5022742     -0.4830059    0.8008212     2.5763365     
0.0447000     1.5023436     -0.5444191    0.8394323     2.7731280     
0.0448000     1.5024004     -0.6087492    0.8775330     2.9682008     
0.0449000     1.5024443     -0.6754544    0.9149343     3.1601826     
0.0450000     1.5024747     -0.7439633    0.9514663     3.3478969     
0.0451000     1.5024914     -0.8136807    0.9869753     3.5303155     
0.0452000     1.5024943     -0.8839944    1.0213220     3.7065274     
0.0453000     1.5024832     -0.9542820    1.0543800     3.8757159     
0.0454000     1.5024582     -1.0239175    1.0860346     4.0371447     
0.0455000     1.5024196     -1.0922788    1.1161824     4.1901472     
0.0456000     1.5023675     -1.1587545    1.1447305     4.3341203     
0.0457000     1.5023026     -1.2227515    1.1715958     4.4685197     
0.0458000     1.5022252     -1.2837016    1.1967053     4.5928571     
0.0459000     1.5021362     -1.3410681    1.2199953     4.7066994     
0.0460000     1.5020361     -1.3943527    1.2414117     4.8096671     
0.0461000     1.5019260     -1.4431008    1.2609097     4.9014350     
0.0462000     1.5018067     -1.4869073    1.2784538     4.9817319     
0.0463000     1.5016793     -1.5254210    1.2940180     5.0503416     
0.0464000     1.5015448     -1.5583491    1.3075853     5.1071035     
0.0465000     1.5014044     -1.5854602    1.3191483     5.1519130     
0.0466000     1.5012593     -1.6065868    1.3287085     5.1847230     
0.0467000     1.5011106     -1.6216270    1.3362770     5.2055439     
0.0468000     1.5009596     -1.6305454    1.3418740     5.2144453     
0.0469000     1.5008075     -1.6333727    1.3455287     5.2115557     
0.0470000     1.5006555     -1.6302050    1.3472794     5.1970640     
0.0471000     1.5005047     -1.6212015    1.3471737     5.1712197     
0.0472000     1.5003564     -1.6065822    1.3452675     5.1343335     
0.0473000     1.5002116     -1.5866239    1.3416258     5.0867780     
0.0474000     1.5000712     -1.5616564    1.3363218     5.0289882     
0.0475000     1.4999364     -1.5320573    1.3294371     4.9614624     
0.0476000     1.4998079     -1.4982464    1.3210612     4.8847623     
0.0477000     1.4996866     -1.4606799    1.3112912     4.7995149     
0.0478000     1.4995731     -1.4198438    1.3002316     4.7064125     
0.0479000     1.4994680     -1.3762475    1.2879935     4.6062146     
0.0480000     1.4993719     -1.3304162    1.2746947     4.4997491     
0.0481000     1.4992852     -1.2828846    1.2604586     4.3879138     
0.0482000     1.4992080     -1.2341898    1.2454140     4.2716780     
0.0483000     1.4991406     -1.1848641    1.2296941     4.1520841     
0.0484000     1.4990830     -1.1354285    1.2134359     4.0302485     
0.0485000     1.4990353     -1.0863867    1.1967792     3.9073622     
0.0486000     1.4989973     -1.0382187    1.1798657     3.7846890     
0.0487000     1.4989687     -0.9913759    1.1628378     3.6635618     
0.0488000     1.4989493     -0.9462756    1.1458374     3.5453755     
0.0489000     1.4989386     -0.9032974    1.1290045     3.4315738     
0.0490000     1.4989363     -0.8627790    1.1124759     3.3236296     
0.0491000     1.4989417     -0.8250136    1.0963833     3.2230164     
0.0492000     1.4989544     -0.7902480    1.0808522     3.1311697     
0.0493000     1.4989736     -0.7586803    1.0659995     3.0494381     
0.0494000     1.4989988     -0.7304602    1.0519325     2.9790249     
0.0495000     1.4990292     -0.7056882    1.0387469     2.9209253     
0.0496000     1.4990642     -0.6844171    1.0265253     2.8758645     
0.0497000     1.4991030     -0.6666527    1.0153362     2.8442447     
0.0498000     1.4991450     -0.6523564    1.0052324     2.8261111     
0.0499000     1.4991895     -0.6414477    0.9962508     2.8211424     
0.0500000     1.4992358     -0.6338075    0.9884117     2.8286684     
0.0501000     1.4992832     -0.6292816    0.9817191     2.8477140     
0.0502000     1.4993312     -0.6276850    0.9761609     2.8770619     
0.0503000     1.4993793     -0.6288062    0.9717101     2.9153248     
0.0504000     1.4994268     -0.6324118    0.9683258     2.9610191     
0.0505000     1.4994734     -0.6382518    0.9659551     3.0126320     
0.0506000     1.4995185     -0.6460637    0.9645347     3.0686766     
0.0507000     1.4995619     -0.6555782    0.9639932     3.1277355     
0.0508000     1.4996032     -0.6665233    0.9642529     3.1884902     
0.0509000     1.4996421     -0.6786297    0.9652323     3.2497411     
0.0510000     1.4996785     -0.6916345    0.9668479     3.3104174     
0.0511000     1.4997123     -0.7052857    0.9690160     3.3695817     
0.0512000     1.4997432     -0.7193459    0.9716550     3.4264295     
0.0513000     1.4997713     -0.7335953    0.9746861     3.4802858     
0.0514000     1.4997965     -0.7478350    0.9780352     3.5306000     
0.0515000     1.4998188     -0.7618887    0.9816336     3.5769402     
0.0516000     1.4998383     -0.7756053    0.9854188     3.6189866     
0.0517000     1.4998551     -0.7888593    0.9893352     3.6565252     
0.0518000     1.4998693     -0.8015521    0.9933340     3.6894416     
0.0519000     1.4998811     -0.8136119    0.9973736     3.7177146     
0.0520000     1.4998904     -0.8249934    1.0014197     3.7414106     
0.0521000     1.4998975     -0.8356769    1.0054444     3.7606775     
0.0522000     1.4999025     -0.8456671    1.0094264     3.7757392     
0.0523000     1.4999056     -0.8549911    1.0133503     3.7868893     
0.0524000     1.4999069     -0.8636967    1.0172058     3.7944856     
0.0525000     1.4999064     -0.8718494    1.0209873     3.7989430     
0.0526000     1.4999044     -0.8795300    1.0246927     3.8007273     
0.0527000     1.4999008     -0.8868317    1.0283233     3.8003473     
0.0528000     1.4998958     -0.8938568    1.0318822     3.7983465     
0.0529000     1.4998894     -0.9007134    1.0353738     3.7952944     
0.0530000     1.4998816     -0.9075124    1.0388031     3.7917767     
0.0531000     1.4998725     -0.9143640    1.0421745     3.7883840     
0.0532000     1.4998619     -0.9213748    1.0454913     3.7857010     
0.0533000     1.4998499     -0.9286441    1.0487546     3.7842938     
0.0534000     1.4998364     -0.9362616    1.0519632     3.7846976     
0.0535000     1.4998214     -0.9443043    1.0551122     3.7874039     
0.0536000     1.4998047     -0.9528340    1.0581932     3.7928483     
0.0537000     1.4997862     -0.9618951    1.0611932     3.8013991     
0.0538000     1.4997658     -0.9715126    1.0640946     3.8133468     
0.0539000     1.4997435     -0.9816906    1.0668751     3.8288960     
0.0540000     1.4997190     -0.9924109    1.0695070     3.8481590     
0.0541000     1.4996924     -1.0036320    1.0719576     3.8711518     
0.0542000     1.4996634     -1.0152888    1.0741891     3.8977936     
0.0543000     1.4996321     -1.0272924    1.0761588     3.9279075     
0.0544000     1.4995983     -1.0395303    1.0778190     3.9612249     
0.0545000     1.4995621     -1.0518673    1.0791179     3.9973918     
0.0546000     1.4995234     -1.0641464    1.0799996     4.0359761     
0.0547000     1.4994823     -1.0761905    1.0804046     4.0764773     
0.0548000     1.4994387     -1.0878041    1.0802703     4.1183365     
0.0549000     1.4993929     -1.0987759    1.0795316     4.1609467     
0.0550000     1.4993450     -1.1088815    1.0781217     4.2036632     
0.0551000     1.4992951     -1.1178861    1.0759721     4.2458146     
0.0552000     1.4992435     -1.1255482    1.0730142     4.2867114     
0.0553000     1.4991905     -1.1316230    1.0691789     4.3256559     
0.0554000     1.4991365     -1.1358665    1.0643980     4.3619504     
0.0555000     1.4990817     -1.1380392    1.0586045     4.3949043     
0.0556000     1.4990267     -1.1379104    1.0517335     4.4238412     
0.0557000     1.4989720     -1.1352628    1.0437225     4.4481048     
0.0558000     1.4989180     -1.1298961    1.0345123     4.4670645     
0.0559000     1.4988653     -1.1216314    1.0240474     4.4801195     
0.0560000     1.4988145     -1.1103155    1.0122767     4.4867032     
0.0561000     1.4987663     -1.0958242    0.9991541     4.4862872     
0.0562000     1.4987212     -1.0780663    0.9846388     4.4783839     
0.0563000     1.4986799     -1.0569861    0.9686963     4.4625494     
0.0564000     1.4986431     -1.0325670    0.9512983     4.4383861     
0.0565000     1.4986115     -1.0048329    0.9324240     4.4055446     
0.0566000     1.4985856     -0.9738505    0.9120600     4.3637254     
0.0567000     1.4985662     -0.9397299    0.8902010     4.3126808     
0.0568000     1.4985539     -0.9026258    0.8668507     4.2522155     
0.0569000     1.4985492     -0.8627366    0.8420224     4.1821884     
0.0570000     1.4985526     -0.8203040    0.8157395     4.1025132     
0.0571000     1.4985647     -0.7756118    0.7880370     4.0131593     
0.0572000     1.4985858     -0.7289829    0.7589622     3.9141527     
0.0573000     1.4986164     -0.6807777    0.7285768     3.8055771     
0.0574000     1.4986567     -0.6313897    0.6969584     3.6875748     
0.0575000     1.4987068     -0.5812422    0.6642040     3.5603490     
0.0576000     1.4987670     -0.5307840    0.6304330     3.4241655     
0.0577000     1.4988371     -0.4804840    0.5957932     3.2793572     
0.0578000     1.4989172     -0.4308263    0.5604676     3.1263287     
0.0579000     1.4990071     -0.3823047    0.5246852     2.9655651     
0.0580000     1.4991065     -0.3354171    0.4887360     2.7976445     
0.0581000     1.4992149     -0.2906590    0.4529917     2.6232564     
0.0582000     1.4993321     -0.2485183    0.4179354     2.4432319     
0.0583000     1.4994573     -0.2094688    0.3842020     2.2585887     
0.0584000     1.4995900     -0.1739646    0.3526280     2.0706047     
0.0585000     1.4997293     -0.1424345    0.3243030     1.8809358     
0.0586000     1.4998746     -0.1152763    0.3005937     1.6918106     
0.0587000     1.5000247     -0.0928520    0.2830800     1.5063542     
0.0588000     1.5001789     -0.0754828    0.2733231     1.3291228     
0.0589000     1.5003360     -0.0634448    0.2724556     1.1669361     
0.0590000     1.5004949     -0.0569655    0.2807757     1.0299329     
0.0591000     1.5006546     -0.0562200    0.2976455     0.9320460     
0.0592000     1.5008140     -0.0613287    0.3217761     0.8885506     
0.0593000     1.5009717     -0.0723550    0.3516603     0.9088129     
0.0594000     1.5011267     -0.0893036    0.3858901     0.9896795     
0.0595000     1.5012778     -0.1121199    0.4232913     1.1181777     
0.0596000     1.5014237     -0.1406898    0.4629353     1.2796263     
0.0597000     1.5015635     -0.1748401    0.5041014     1.4623519     
0.0598000     1.5016960     -0.2143394    0.5462289     1.6582433     
0.0599000     1.5018202     -0.2589004    0.5888749     1.8618389     
0.0600000     1.5019350     -0.3081819    0.6316829     2.0693936     
0.0601000     1.5020397     -0.3617924    0.6743593     2.2782341     
0.0602000     1.5021333     -0.4192934    0.7166573     2.4863603     
0.0603000     1.5022152     -0.4802039    0.7583650     2.6922043     
0.0604000     1.5022847     -0.5440053    0.7992978     2.8944854     
0.0605000     1.5023414     -0.6101466    0.8392925     3.0921208     
0.0606000     1.5023847     -0.6780507    0.8782036     3.2841700     
0.0607000     1.5024144     -0.7471199    0.9158999     3.4698000     
0.0608000     1.5024304     -0.8167430    0.9522632     3.6482624     
0.0609000     1.5024326     -0.8863016    0.9871867     3.8188794     
0.0610000     1.5024210     -0.9551776    1.0205738     3.9810344     
0.0611000     1.5023959     -1.0227594    1.0523376     4.1341664     
0.0612000     1.5023576     -1.0884497    1.0824008     4.2777663     
0.0613000     1.5023065     -1.1516718    1.1106949     4.4113755     
0.0614000     1.5022431     -1.2118764    1.1371602     4.5345845     
0.0615000     1.5021682     -1.2685478    1.1617458     4.6470336     
0.0616000     1.5020824     -1.3212103    1.1844096     4.7484123     
0.0617000     1.5019867     -1.3694331    1.2051179     4.8384609     
0.0618000     1.5018819     -1.4128353    1.2238462     4.9169709     
0.0619000     1.5017690     -1.4510905    1.2405783     4.9837858     
0.0620000     1.5016491     -1.4839299    1.2553070     5.0388025     
0.0621000     1.5015232     -1.5111452    1.2680338     5.0819717     
0.0622000     1.5013926     -1.5325908    1.2787689     5.1132991     
0.0623000     1.5012584     -1.5481844    1.2875316     5.1328459     
0.0624000     1.5011217     -1.5579079    1.2943496     5.1407299     
0.0625000     1.5009837     -1.5618063    1.2992593     5.1371253     
0.0626000     1.5008455     -1.5599866    1.3023061     5.1222640     
0.0627000     1.5007083     -1.5526157    1.3035434     5.0964353     
0.0628000     1.5005732     -1.5399170    1.3030334     5.0599870     
0.0629000     1.5004412     -1.5221671    1.3008462     5.0133251     
0.0630000     1.5003132     -1.4996914    1.2970600     4.9569149     
0.0631000     1.5001902     -1.4728592    1.2917608     4.8912808     
0.0632000     1.5000729     -1.4420783    1.2850419     4.8170076     
0.0633000     1.4999622     -1.4077891    1.2770039     4.7347410     
0.0634000     1.4998587     -1.3704587    1.2677541     4.6451885     
0.0635000     1.4997629     -1.3305747    1.2574060     4.5491205     
0.0636000     1.4996752     -1.2886382    1.2460789     4.4473722     
0.0637000     1.4995962     -1.2451579    1.2338975     4.3408441     
0.0638000     1.4995259     -1.2006435    1.2209908     4.2305043     
0.0639000     1.4994645     -1.1555993    1.2074916     4.1173889     
0.0640000     1.4994122     -1.1105181    1.1935358     4.0026028     
0.0641000     1.4993688     -1.0658756    1.1792611     3.8873188     
0.0642000     1.4993342     -1.0221251    1.1648061     3.7727752     
0.0643000     1.4993083     -0.9796921    1.1503090     3.6602698     
0.0644000     1.4992906     -0.9389700    1.1359063     3.5511503     
0.0645000     1.4992808     -0.9003164    1.1217316     3.4467989     
0.0646000     1.4992785     -0.8640493    1.1079135     3.3486098     
0.0647000     1.4992832     -0.8304443    1.0945745     3.2579584     
0.0648000     1.4992942     -0.7997328    1.0818291     3.1761609     
0.0649000     1.4993111     -0.7721001    1.0697823     3.1044268     
0.0650000     1.4993331     -0.7476844    1.0585275     3.0438032     
0.0651000     1.4993597     -0.7265771    1.0481459     2.9951195     
0.0652000     1.4993901     -0.7088226    1.0387042     2.9589345     
0.0653000     1.4994237     -0.6944196    1.0302544     2.9354959     
0.0654000     1.4994598     -0.6833229    1.0228323     2.9247180     
0.0655000     1.4994978     -0.6754454    1.0164578     2.9261813     
0.0656000     1.4995370     -0.6706612    1.0111345     2.9391559     
0.0657000     1.4995768     -0.6688084    1.0068502     2.9626453     
0.0658000     1.4996168     -0.6696935    1.0035781     2.9954434     
0.0659000     1.4996562     -0.6730954    1.0012775     3.0361991     
0.0660000     1.4996948     -0.6787695    0.9998956     3.0834798     
0.0661000     1.4997320     -0.6864534    0.9993696     3.1358286     
0.0662000     1.4997674     -0.6958710    0.9996283     3.1918124     
0.0663000     1.4998008     -0.7067383    1.0005945     3.2500593     
0.0664000     1.4998319     -0.7187685    1.0021868     3.3092853     
0.0665000     1.4998605     -0.7316766    1.0043223     3.3683132     
0.0666000     1.4998865     -0.7451854    1.0069178     3.4260830     
0.0667000     1.4999097     -0.7590292    1.0098924     3.4816583     
0.0668000     1.4999301     -0.7729591    1.0131686     3.5342285     
0.0669000     1.4999477     -0.7867468    1.0166737     3.5831079     
0.0670000     1.4999626     -0.8001881    1.0203414     3.6277343     
0.0671000     1.4999749     -0.8131063    1.0241121     3.6676660     
0.0672000     1.4999846     -0.8253546    1.0279341     3.7025788     
0.0673000     1.4999920     -0.8368178    1.0317636     3.7322627     
0.0674000     1.4999971     -0.8474139    1.0355653     3.7566183     
0.0675000     1.5000003     -0.8570941    1.0393119     3.7756536     
0.0676000     1.5000015     -0.8658433    1.0429844     3.7894804     
0.0677000     1.5000012     -0.8736785    1.0465714     3.7983106     
0.0678000     1.4999993     -0.8806479    1.0500686     3.8024526     
0.0679000     1.4999961     -0.8868283    1.0534781     3.8023061     
0.0680000     1.4999917     -0.8923222    1.0568079     3.7983573     
0.0681000     1.4999863     -0.8972548    1.0600703     3.7911722     
0.0682000     1.4999800     -0.9017703    1.0632813     3.7813893     
0.0683000     1.4999727     -0.9060271    1.0664597     3.7697099     
0.0684000     1.4999646     -0.9101939    1.0696254     3.7568874     
0.0685000     1.4999557     -0.9144448    1.0727986     3.7437138     
0.0686000     1.4999459     -0.9189544    1.0759986     3.7310048     
0.0687000     1.4999351     -0.9238930    1.0792426     3.7195814     
0.0688000     1.4999232     -0.9294220    1.0825444     3.7102513     
0.0689000     1.4999102     -0.9356893    1.0859137     3.7037871     
0.0690000     1.4998958     -0.9428249    1.0893552     3.7009044     
0.0691000     1.4998798     -0.9509369    1.0928675     3.7022400     
0.0692000     1.4998622     -0.9601083    1.0964425     3.7083310     
0.0693000     1.4998425     -0.9703936    1.1000652     3.7195962     
0.0694000     1.4998207     -0.9818164    1.1037131     3.7363214     
0.0695000     1.4997964     -0.9943678    1.1073561     3.7586488     
0.0696000     1.4997695     -1.0080048    1.1109565     3.7865724     
0.0697000     1.4997397     -1.0226500    1.1144692     3.8199382     
0.0698000     1.4997069     -1.0381913    1.1178420     3.8584501     
0.0699000     1.4996708     -1.0544830    1.1210159     3.9016803     
0.0700000     1.4996315     -1.0713468    1.1239261     3.9490839     
0.0701000     1.4995886     -1.0885742    1.1265021     4.0000154     
0.0702000     1.4995423     -1.1059289    1.1286690     4.0537475     
0.0703000     1.4994925     -1.1231497    1.1303478     4.1094895     
0.0704000     1.4994393     -1.1399547    1.1314568     4.1664057     
0.0705000     1.4993827     -1.1560450    1.1319119     4.2236325     
0.0706000     1.4993230     -1.1711091    1.1316280     4.2802937     
0.0707000     1.4992603     -1.1848281    1.1305195     4.3355140     
0.0708000     1.4991950     -1.1968802    1.1285014     4.3884303     
0.0709000     1.4991275     -1.2069462    1.1254897     4.4382020     
0.0710000     1.4990581     -1.2147148    1.1214028     4.4840181     
0.0711000     1.4989874     -1.2198876    1.1161618     4.5251045     
0.0712000     1.4989158     -1.2221841    1.1096910     4.5607279     
0.0713000     1.4988441     -1.2213473    1.1019190     4.5902009     
0.0714000     1.4987728     -1.2171478    1.0927790     4.6128841     
0.0715000     1.4987027     -1.2093886    1.0822093     4.6281884     
0.0716000     1.4986344     -1.1979088    1.0701538     4.6355770     
0.0717000     1.4985687     -1.1825876    1.0565623     4.6345660     
0.0718000     1.4985063     -1.1633471    1.0413912     4.6247255     
0.0719000     1.4984482     -1.1401549    1.0246034     4.6056794     
0.0720000     1.4983950     -1.1130257    1.0061686     4.5771057     
0.0721000     1.4983475     -1.0820234    0.9860639     4.5387368     
0.0722000     1.4983066     -1.0472609    0.9642738     4.4903584     
0.0723000     1.4982728     -1.0089005    0.9407901     4.4318096     
0.0724000     1.4982470     -0.9671531    0.9156124     4.3629821     
0.0725000     1.4982298     -0.9222768    0.8887484     4.2838196     
0.0726000     1.4982217     -0.8745750    0.8602135     4.1943172     
0.0727000     1.4982234     -0.8243937    0.8300316     4.0945204     
0.0728000     1.4982352     -0.7721183    0.7982347     3.9845247     
0.0729000     1.4982575     -0.7181695    0.7648639     3.8644747     
0.0730000     1.4982906     -0.6629996    0.7299693     3.7345636     
0.0731000     1.4983348     -0.6070873    0.6936110     3.5950331     
0.0732000     1.4983901     -0.5509326    0.6558596     3.4461735     
0.0733000     1.4984565     -0.4950515    0.6167982     3.2883243     
0.0734000     1.4985340     -0.4399704    0.5765244     3.1218760     
0.0735000     1.4986223     -0.3862197    0.5351535     2.9472731     
0.0736000     1.4987210     -0.3343284    0.4928244     2.7650198     
0.0737000     1.4988298     -0.2848176    0.4497083     2.5756891     
0.0738000     1.4989482     -0.2381950    0.4060240     2.3799380     
0.0739000     1.4990756     -0.1949483    0.3620641     2.1785334     
0.0740000     1.4992111     -0.1555402    0.3182432     1.9723962     
0.0741000     1.4993541     -0.1204023    0.2751878     1.7626802     
0.0742000     1.4995035     -0.0899306    0.2339128     1.5509174     
0.0743000     1.4996586     -0.0644802    0.1961636     1.3393015     
0.0744000     1.4998182     -0.0443609    0.1650022     1.1312733     
0.0745000     1.4999812     -0.0298339    0.1453053     0.9327924     
0.0746000     1.5001466     -0.0211076    0.1423469     0.7551386     
0.0747000     1.5003131     -0.0183355    0.1573113     0.6201418     
0.0748000     1.5004796     -0.0216135    0.1859958     0.5624286     
0.0749000     1.5006448     -0.0309786    0.2231295     0.6061661     
0.0750000     1.5008076     -0.0464075    0.2650628     0.7338821     
0.0751000     1.5009668     -0.0678168    0.3096717     0.9105696     
0.0752000     1.5011211     -0.0950631    0.3557289     1.1122820     
0.0753000     1.5012694     -0.1279440    0.4024853     1.3264482     
0.0754000     1.5014107     -0.1661999    0.4494488     1.5464576     
0.0755000     1.5015439     -0.2095160    0.4962710     1.7685182     
0.0756000     1.5016680     -0.2575261    0.5426884     1.9902156     
0.0757000     1.5017821     -0.3098151    0.5884902     2.2098530     
0.0758000     1.5018855     -0.3659242    0.6334999     2.4261346     
0.0759000     1.5019775     -0.4253549    0.6775649     2.6380050     
0.0760000     1.5020573     -0.4875748    0.7205504     2.8445624     
0.0761000     1.5021246     -0.5520228    0.7623350     3.0450111     
0.0762000     1.5021789     -0.6181154    0.8028083     3.2386336     
0.0763000     1.5022200     -0.6852533    0.8418699     3.4247742     
0.0764000     1.5022477     -0.7528276    0.8794280     3.6028304     
0.0765000     1.5022620     -0.8202268    0.9153989     3.7722465     
0.0766000     1.5022630     -0.8868437    0.9497068     3.9325114     
0.0767000     1.5022509     -0.9520824    0.9822837     4.0831571     
0.0768000     1.5022261     -1.0153649    1.0130691     4.2237587     
0.0769000     1.5021889     -1.0761376    1.0420105     4.3539344     
0.0770000     1.5021400     -1.1338781    1.0690629     4.4733472     
0.0771000     1.5020801     -1.1881006    1.0941894     4.5817054     
0.0772000     1.5020098     -1.2383618    1.1173612     4.6787643     
0.0773000     1.5019299     -1.2842657    1.1385574     4.7643278     
0.0774000     1.5018415     -1.3254681    1.1577654     4.8382494     
0.0775000     1.5017454     -1.3616802    1.1749812     4.9004341     
0.0776000     1.5016427     -1.3926716    1.1902089     4.9508397     
0.0777000     1.5015344     -1.4182725    1.2034614     4.9894779     
0.0778000     1.5014216     -1.4383751    1.2147598     5.0164159     
0.0779000     1.5013055     -1.4529344    1.2241340     5.0317772     
0.0780000     1.5011870     -1.4619673    1.2316221     5.0357432     
0.0781000     1.5010674     -1.4655522    1.2372710     5.0285534     
0.0782000     1.5009477     -1.4638265    1.2411354     5.0105069     
0.0783000     1.5008289     -1.4569842    1.2432787     4.9819633     
0.0784000     1.5007120     -1.4452723    1.2437718     4.9433427     
0.0785000     1.5005979     -1.4289869    1.2426935     4.8951274     
0.0786000     1.5004876     -1.4084679    1.2401302     4.8378617     
0.0787000     1.5003819     -1.3840943    1.2361751     4.7721532     
0.0788000     1.5002814     -1.3562779    1.2309283     4.6986730     
0.0789000     1.5001868     -1.3254576    1.2244957     4.6181562     
0.0790000     1.5000986     -1.2920928    1.2169894     4.5314023     
0.0791000     1.5000174     -1.2566568    1.2085261     4.4392754     
0.0792000     1.4999434     -1.2196301    1.1992268     4.3427038     
0.0793000     1.4998770     -1.1814942    1.1892163     4.2426789     
0.0794000     1.4998183     -1.1427245    1.1786218     4.1402534     
0.0795000     1.4997674     -1.1037848    1.1675722     4.0365380     
0.0796000     1.4997242     -1.0651207    1.1561969     3.9326959     
0.0797000     1.4996887     -1.0271544    1.1446249     3.8299349     
0.0798000     1.4996607     -0.9902799    1.1329831     3.7294961     
0.0799000     1.4996399     -0.9548580    1.1213954     3.6326374     
0.0800000     1.4996260     -0.9212131    1.1099811     3.5406134     
0.0801000     1.4996187     -0.8896292    1.0988535     3.4546478     
0.0802000     1.4996174     -0.8603482    1.0881187     3.3759012     
0.0803000     1.4996217     -0.8335676    1.0778740     3.3054338     
0.0804000     1.4996311     -0.8094398    1.0682067     3.2441641     
0.0805000     1.4996451     -0.7880714    1.0591930     3.1928281     
0.0806000     1.4996630     -0.7695242    1.0508968     3.1519414     
0.0807000     1.4996843     -0.7538160    1.0433695     3.1217698     
0.0808000     1.4997085     -0.7409222    1.0366491     3.1023117     
0.0809000     1.4997350     -0.7307789    1.0307599     3.0932956     
0.0810000     1.4997632     -0.7232855    1.0257131     3.0941940     
0.0811000     1.4997927     -0.7183084    1.0215071     3.1042518     
0.0812000     1.4998229     -0.7156852    1.0181279     3.1225260     
0.0813000     1.4998534     -0.7152288    1.0155507     3.1479332     
0.0814000     1.4998838     -0.7167322    1.0137411     3.1792989     
0.0815000     1.4999137     -0.7199735    1.0126562     3.2154044     
0.0816000     1.4999428     -0.7247207    1.0122467     3.2550297     
0.0817000     1.4999708     -0.7307368    1.0124583     3.2969889     
0.0818000     1.4999975     -0.7377849    1.0132337     3.3401578     
0.0819000     1.5000227     -0.7456326    1.0145138     3.3834955     
0.0820000     1.5000463     -0.7540567    1.0162399     3.4260587     
0.0821000     1.5000681     -0.7628473    1.0183547     3.4670113     
0.0822000     1.5000882     -0.7718118    1.0208036     3.5056298     
0.0823000     1.5001064     -0.7807778    1.0235361     3.5413056     
0.0824000     1.5001229     -0.7895961    1.0265064     3.5735453     
0.0825000     1.5001377     -0.7981429    1.0296742     3.6019690     
0.0826000     1.5001507     -0.8063214    1.0330051     3.6263084     
0.0827000     1.5001622     -0.8140628    1.0364712     3.6464033     
0.0828000     1.5001721     -0.8213267    1.0400506     3.6621982     
0.0829000     1.5001807     -0.8281009    1.0437277     3.6737386     
0.0830000     1.5001880     -0.8344004    1.0474930     3.6811667     
0.0831000     1.5001940     -0.8402663    1.0513424     3.6847166     
0.0832000     1.5001989     -0.8457637    1.0552767     3.6847099     
0.0833000     1.5002027     -0.8509795    1.0593009     3.6815497     
0.0834000     1.5002055     -0.8560193    1.0634238     3.6757143     
0.0835000     1.5002073     -0.8610045    1.0676564     3.6677504     
0.0836000     1.5002081     -0.8660689    1.0720115     3.6582644     
0.0837000     1.5002079     -0.8713548    1.0765028     3.6479126     
0.0838000     1.5002066     -0.8770094    1.0811435     3.6373904     
0.0839000     1.5002041     -0.8831808    1.0859455     3.6274189     
0.0840000     1.5002003     -0.8900139    1.0909186     3.6187304     
0.0841000     1.5001950     -0.8976471    1.0960695     3.6120524     
0.0842000     1.5001882     -0.9062079    1.1014008     3.6080898     
0.0843000     1.5001795     -0.9158099    1.1069106     3.6075064     
0.0844000     1.5001688     -0.9265491    1.1125914     3.6109067     
0.0845000     1.5001559     -0.9385012    1.1184300     3.6188170     
0.0846000     1.5001404     -0.9517187    1.1244068     3.6316697     
0.0847000     1.5001222     -0.9662286    1.1304958     3.6497882     
0.0848000     1.5001009     -0.9820308    1.1366641     3.6733770     
0.0849000     1.5000764     -0.9990960    1.1428723     3.7025141     
0.0850000     1.5000484     -1.0173652    1.1490744     3.7371487     
0.0851000     1.5000166     -1.0367491    1.1552179     3.7771030     
0.0852000     1.4999808     -1.0571276    1.1612445     3.8220780     
0.0853000     1.4999408     -1.0783509    1.1670902     3.8716632     
0.0854000     1.4998966     -1.1002396    1.1726862     3.9253481     
0.0855000     1.4998479     -1.1225867    1.1779590     3.9825364     
0.0856000     1.4997948     -1.1451592    1.1828315     4.0425605     
0.0857000     1.4997371     -1.1677003    1.1872233     4.1046968     
0.0858000     1.4996750     -1.1899325    1.1910518     4.1681799     
0.0859000     1.4996084     -1.2115601    1.1942323     4.2322160     
0.0860000     1.4995376     -1.2322735    1.1966795     4.2959953     
0.0861000     1.4994628     -1.2517525    1.1983076     4.3587028     
0.0862000     1.4993842     -1.2696706    1.1990313     4.4195278     
0.0863000     1.4993022     -1.2856997    1.1987661     4.4776721     
0.0864000     1.4992172     -1.2995141    1.1974297     4.5323565     
0.0865000     1.4991297     -1.3107961    1.1949416     4.5828270     
0.0866000     1.4990401     -1.3192398    1.1912246     4.6283595     
0.0867000     1.4989491     -1.3245570    1.1862049     4.6682637     
0.0868000     1.4988574     -1.3264810    1.1798124     4.7018867     
0.0869000     1.4987655     -1.3247718    1.1719817     4.7286156     
0.0870000     1.4986744     -1.3192206    1.1626523     4.7478803     
0.0871000     1.4985847     -1.3096535    1.1517690     4.7591551     
0.0872000     1.4984972     -1.2959353    1.1392820     4.7619605     
0.0873000     1.4984128     -1.2779735    1.1251478     4.7558649     
0.0874000     1.4983324     -1.2557202    1.1093288     4.7404852     
0.0875000     1.4982568     -1.2291751    1.0917942     4.7154884     
0.0876000     1.4981869     -1.1983870    1.0725197     4.6805916     
0.0877000     1.4981234     -1.1634548    1.0514879     4.6355630     
0.0878000     1.4980672     -1.1245279    1.0286885     4.5802220     
0.0879000     1.4980191     -1.0818060    1.0041180     4.5144391     
0.0880000     1.4979798     -1.0355380    0.9777803     4.4381358     
0.0881000     1.4979500     -0.9860203    0.9496865     4.3512845     
0.0882000     1.4979303     -0.9335944    0.9198548     4.2539073     
0.0883000     1.4979212     -0.8786442    0.8883107     4.1460760     
0.0884000     1.4979232     -0.8215915    0.8550866     4.0279105     
0.0885000     1.4979367     -0.7628928    0.8202222     3.8995781     
0.0886000     1.4979619     -0.7030338    0.7837644     3.7612922     
0.0887000     1.4979991     -0.6425246    0.7457670     3.6133113     
0.0888000     1.4980483     -0.5818939    0.7062910     3.4559374     
0.0889000     1.4981094     -0.5216834    0.6654044     3.2895153     
0.0890000     1.4981825     -0.4624416    0.6231830     3.1144314     
0.0891000     1.4982671     -0.4047174    0.5797102     2.9311137     
0.0892000     1.4983630     -0.3490543    0.5350786     2.7400320     
0.0893000     1.4984697     -0.2959838    0.4893910     2.5416998     
0.0894000     1.4985866     -0.2460195    0.4427634     2.3366785     
0.0895000     1.4987131     -0.1996510    0.3953305     2.1255858     
0.0896000     1.4988484     -0.1573385    0.3472553     1.9091122     
0.0897000     1.4989917     -0.1195071    0.2987495     1.6880525     
0.0898000     1.4991420     -0.0865424    0.2501176     1.4633698     
0.0899000     1.4992983     -0.0587854    0.2018639     1.2363345     
0.0900000     1.4994596     -0.0365290    0.1549908     1.0088536     
0.0901000     1.4996247     -0.0200142    0.1119642     0.7843652     
0.0902000     1.4997926     -0.0094274    0.0800255     0.5707106     
0.0903000     1.4999619     -0.0048978    0.0754606     0.3910209     
0.0904000     1.5001315     -0.0064962    0.1021171     0.3149884     
0.0905000     1.5003002     -0.0142335    0.1434541     0.4072225     
0.0906000     1.5004668     -0.0280607    0.1899340     0.5938058     
0.0907000     1.5006300     -0.0478687    0.2383194     0.8112471     
0.0908000     1.5007887     -0.0734896    0.2873635     1.0390754     
0.0909000     1.5009417     -0.1046982    0.3364686     1.2701631     
0.0910000     1.5010880     -0.1412142    0.3852863     1.5012852     
0.0911000     1.5012266     -0.1827048    0.4335788     1.7305979     
0.0912000     1.5013565     -0.2287886    0.4811649     1.9568382     
0.0913000     1.5014768     -0.2790391    0.5278943     2.1790247     
0.0914000     1.5015867     -0.3329895    0.5736365     2.3963296     
0.0915000     1.5016856     -0.3901374    0.6182747     2.6080194     
0.0916000     1.5017729     -0.4499509    0.6617018     2.8134257     
0.0917000     1.5018480     -0.5118735    0.7038194     3.0119297     
0.0918000     1.5019107     -0.5753309    0.7445365     3.2029543     
0.0919000     1.5019607     -0.6397369    0.7837689     3.3859604     
0.0920000     1.5019979     -0.7045003    0.8214391     3.5604453     
0.0921000     1.5020223     -0.7690313    0.8574762     3.7259428     
0.0922000     1.5020339     -0.8327479    0.8918161     3.8820234     
0.0923000     1.5020330     -0.8950828    0.9244014     4.0282955     
0.0924000     1.5020199     -0.9554895    0.9551816     4.1644072     
0.0925000     1.5019950     -1.0134485    0.9841133     4.2900475     
0.0926000     1.5019590     -1.0684728    1.0111603     4.4049477     
0.0927000     1.5019124     -1.1201134    1.0362938     4.5088837     
0.0928000     1.5018559     -1.1679644    1.0594926     4.6016769     
0.0929000     1.5017903     -1.2116664    1.0807430     4.6831959     
0.0930000     1.5017166     -1.2509110    1.1000394     4.7533578     
0.0931000     1.5016355     -1.2854433    1.1173835     4.8121294     
0.0932000     1.5015482     -1.3150639    1.1327855     4.8595282     
0.0933000     1.5014554     -1.3396308    1.1462630     4.8956232     
0.0934000     1.5013584     -1.3590599    1.1578420     4.9205359     
0.0935000     1.5012580     -1.3733247    1.1675559     4.9344402     
0.0936000     1.5011554     -1.3824558    1.1754464     4.9375637     
0.0937000     1.5010516     -1.3865391    1.1815627     4.9301874     
0.0938000     1.5009474     -1.3857137    1.1859616     4.9126459     
0.0939000     1.5008440     -1.3801687    1.1887073     4.8853277     
0.0940000     1.5007422     -1.3701400    1.1898715     4.8486752     
0.0941000     1.5006428     -1.3559061    1.1895325     4.8031847     
0.0942000     1.5005468     -1.3377834    1.1877756     4.7494060     
0.0943000     1.5004547     -1.3161215    1.1846923     4.6879430     
0.0944000     1.5003674     -1.2912978    1.1803802     4.6194528     
0.0945000     1.5002853     -1.2637124    1.1749423     4.5446462     
0.0946000     1.5002090     -1.2337819    1.1684868     4.4642870     
0.0947000     1.5001389     -1.2019341    1.1611261     4.3791915     
0.0948000     1.5000754     -1.1686026    1.1529769     4.2902277     
0.0949000     1.5000186     -1.1342203    1.1441585     4.1983137     
0.0950000     1.4999688     -1.0992152    1.1347928     4.1044153     
0.0951000     1.4999261     -1.0640042    1.1250033     4.0095428     
0.0952000     1.4998904     -1.0289886    1.1149135     3.9147449     
0.0953000     1.4998616     -0.9945497    1.1046469     3.8211019     
0.0954000     1.4998397     -0.9610442    1.0943247     3.7297147     
0.0955000     1.4998243     -0.9288009    1.0840657     3.6416911     
0.0956000     1.4998153     -0.8981172    1.0739842     3.5581277     
0.0957000     1.4998122     -0.8692563    1.0641890     3.4800874     
0.0958000     1.4998146     -0.8424452    1.0547821     3.4085730     
0.0959000     1.4998223     -0.8178728    1.0458575     3.3444972     
0.0960000     1.4998345     -0.7956890    1.0374995     3.2886497     
0.0961000     1.4998510     -0.7760038    1.0297824     3.2416653     
0.0962000     1.4998712     -0.7588879    1.0227688     3.2039946     
0.0963000     1.4998945     -0.7443725    1.0165089     3.1758798     
0.0964000     1.4999205     -0.7324514    1.0110407     3.1573410     
0.0965000     1.4999486     -0.7230816    1.0063888     3.1481718     
0.0966000     1.4999783     -0.7161865    1.0025651     3.1479483     
0.0967000     1.5000092     -0.7116577    0.9995691     3.1560487     
0.0968000     1.5000408     -0.7093588    0.9973881     3.1716824     
0.0969000     1.5000726     -0.7091282    0.9959989     3.1939251     
0.0970000     1.5001043     -0.7107836    0.9953684     3.2217580     
0.0971000     1.5001354     -0.7141257    0.9954553     3.2541053     
0.0972000     1.5001658     -0.7189424    0.9962115     3.2898706     
0.0973000     1.5001951     -0.7250136    0.9975839     3.3279680     
0.0974000     1.5002231     -0.7321159    0.9995159     3.3673482     
0.0975000     1.5002495     -0.7400265    1.0019493     3.4070201     
0.0976000     1.5002744     -0.7485282    1.0048257     3.4460664     
0.0977000     1.5002975     -0.7574137    1.0080880     3.4836560     
0.0978000     1.5003188     -0.7664894    1.0116819     3.5190523     
0.0979000     1.5003383     -0.7755792    1.0155570     3.5516188     
0.0980000     1.5003561     -0.7845283    1.0196675     3.5808230     
0.0981000     1.5003721     -0.7932054    1.0239734     3.6062382     
0.0982000     1.5003863     -0.8015057    1.0284408     3.6275451     
0.0983000     1.5003990     -0.8093525    1.0330426     3.6445318     
0.0984000     1.5004102     -0.8166983    1.0377580     3.6570937     
0.0985000     1.5004200     -0.8235256    1.0425732     3.6652326     
0.0986000     1.5004285     -0.8298468    1.0474808     3.6690558     
0.0987000     1.5004358     -0.8357034    1.0524794     3.6687744     
0.0988000     1.5004420     -0.8411644    1.0575731     3.6647008     
0.0989000     1.5004471     -0.8463250    1.0627709     3.6572459     
0.0990000     1.5004512     -0.8513033    1.0680857     3.6469146     
0.0991000     1.5004544     -0.8562373    1.0735332     3.6343002     
0.0992000     1.5004566     -0.8612818    1.0791314     3.6200772     
0.0993000     1.5004577     -0.8666039    1.0848988     3.6049916     
0.0994000     1.5004578     -0.8723787    1.0908539     3.5898488     
0.0995000     1.5004567     -0.8787849    1.0970136     3.5754988     
0.0996000     1.5004542     -0.8860000    1.1033922     3.5628183     
0.0997000     1.5004502     -0.8941955    1.1100003     3.5526897     
0.0998000     1.5004444     -0.9035321    1.1168439     3.5459774     
0.0999000     1.5004367     -0.9141551    1.1239233     3.5435023     
