# d = 1
# g, Ecorr from diagonalization using SRG, six eigenvalues of H
-0.99	-0.218111	2.77189	4.78438	6.98965	6.98965	9.05505	11.3494
-0.97	-0.210481	2.75952	4.77275	6.96967	6.96967	9.03429	11.3141
-0.95	-0.20295	2.74705	4.76095	6.94969	6.94969	9.01345	11.2792
-0.93	-0.195519	2.73448	4.749	6.92971	6.92971	8.99254	11.2446
-0.91	-0.188191	2.72181	4.73688	6.90972	6.90972	8.97155	11.2103
-0.89	-0.180966	2.70903	4.7246	6.88974	6.88974	8.95049	11.1764
-0.87	-0.173847	2.69615	4.71215	6.86976	6.86976	8.92936	11.1428
-0.85	-0.166835	2.68317	4.69953	6.84977	6.84977	8.90816	11.1096
-0.83	-0.159932	2.67007	4.68674	6.82979	6.82979	8.88689	11.0767
-0.81	-0.15314	2.65686	4.67379	6.8098	6.8098	8.86556	11.0442
-0.79	-0.146461	2.64354	4.66066	6.78982	6.78982	8.84417	11.012
-0.77	-0.139896	2.6301	4.64736	6.76983	6.76983	8.82273	10.9802
-0.75	-0.133448	2.61655	4.63388	6.74984	6.74984	8.80123	10.9487
-0.73	-0.127119	2.60288	4.62023	6.72985	6.72985	8.77968	10.9175
-0.71	-0.120911	2.58909	4.6064	6.70986	6.70986	8.75808	10.8867
-0.69	-0.114826	2.57517	4.5924	6.68988	6.68988	8.73644	10.8562
-0.67	-0.108866	2.56113	4.57821	6.66989	6.66989	8.71476	10.8261
-0.65	-0.103033	2.54697	4.56385	6.6499	6.6499	8.69305	10.7963
-0.63	-0.0973303	2.53267	4.5493	6.6299	6.6299	8.67131	10.7669
-0.61	-0.0917594	2.51824	4.53458	6.60991	6.60991	8.64954	10.7378
-0.59	-0.086323	2.50368	4.51967	6.58992	6.58992	8.62775	10.7091
-0.57	-0.0810235	2.48898	4.50458	6.56993	6.56993	8.60595	10.6806
-0.55	-0.0758635	2.47414	4.48931	6.54994	6.54994	8.58413	10.6526
-0.53	-0.0708454	2.45915	4.47385	6.52994	6.52994	8.56231	10.6248
-0.51	-0.0659719	2.44403	4.45821	6.50995	6.50995	8.54048	10.5974
-0.49	-0.0612458	2.42875	4.44239	6.48995	6.48995	8.51866	10.5703
-0.47	-0.0566697	2.41333	4.42638	6.46996	6.46996	8.49685	10.5435
-0.45	-0.0522464	2.39775	4.41019	6.44996	6.44996	8.47505	10.5171
-0.43	-0.0479789	2.38202	4.39382	6.42997	6.42997	8.45327	10.4909
-0.41	-0.04387	2.36613	4.37727	6.40997	6.40997	8.43152	10.4651
-0.39	-0.0399227	2.35008	4.36053	6.38998	6.38998	8.40979	10.4396
-0.37	-0.0361401	2.33386	4.34362	6.36998	6.36998	8.38811	10.4145
-0.35	-0.0325253	2.31747	4.32652	6.34998	6.34998	8.36646	10.3896
-0.33	-0.0290814	2.30092	4.30925	6.32999	6.32999	8.34486	10.365
-0.31	-0.0258117	2.28419	4.29179	6.30999	6.30999	8.32331	10.3407
-0.29	-0.0227193	2.26728	4.27416	6.28999	6.28999	8.30182	10.3168
-0.27	-0.0198078	2.25019	4.25636	6.26999	6.26999	8.2804	10.2931
-0.25	-0.0170805	2.23292	4.23838	6.24999	6.24999	8.25904	10.2697
-0.23	-0.0145408	2.21546	4.22023	6.23	6.23	8.23776	10.2466
-0.21	-0.0121922	2.19781	4.20191	6.21	6.21	8.21655	10.2237
-0.19	-0.0100383	2.17996	4.18343	6.19	6.19	8.19543	10.2012
-0.17	-0.00808283	2.16192	4.16478	6.17	6.17	8.17441	10.1789
-0.15	-0.00632933	2.14367	4.14597	6.15	6.15	8.15347	10.1569
-0.13	-0.00478156	2.12522	4.12699	6.13	6.13	8.13264	10.1351
-0.11	-0.00344329	2.10656	4.10787	6.11	6.11	8.11191	10.1137
-0.09	-0.00231833	2.08768	4.08858	6.09	6.09	8.09129	10.0924
-0.07	-0.00141053	2.06859	4.06915	6.07	6.07	8.07079	10.0715
-0.05	-0.000723803	2.04928	4.04957	6.05	6.05	8.05041	10.0507
-0.03	-0.000262066	2.02974	4.02985	6.03	6.03	8.03015	10.0303
-0.01	-2.92853e-05	2.00997	4.00998	6.01	6.01	8.01002	10.01
0.01	-2.94526e-05	1.98997	3.98998	5.99	5.99	7.99002	9.99003
0.03	-0.000266584	1.96973	3.96985	5.97	5.97	7.97015	9.97026
0.05	-0.000744715	1.94926	3.94959	5.95	5.95	7.95043	9.95072
0.07	-0.0014679	1.92853	3.92921	5.93	5.93	7.93085	9.93141
0.09	-0.00244019	1.90756	3.90871	5.91	5.91	7.91142	9.91232
0.11	-0.00366567	1.88633	3.88809	5.89	5.89	7.89213	9.89344
0.13	-0.00514839	1.86485	3.86736	5.87	5.87	7.87301	9.87478
0.15	-0.00689241	1.84311	3.84653	5.85	5.85	7.85403	9.85633
0.17	-0.00890179	1.8211	3.82559	5.83	5.83	7.83522	9.83808
0.19	-0.0111805	1.79882	3.80457	5.81	5.81	7.81657	9.82004
0.21	-0.0137327	1.77627	3.78345	5.79	5.79	7.79809	9.80219
0.23	-0.0165622	1.75344	3.76224	5.77	5.77	7.77977	9.78454
0.25	-0.019673	1.73033	3.74096	5.75001	5.75001	7.76162	9.76708
0.27	-0.0230689	1.70693	3.7196	5.73001	5.73001	7.74364	9.74981
0.29	-0.0267539	1.68325	3.69818	5.71001	5.71001	7.72584	9.73272
0.31	-0.0307316	1.65927	3.67669	5.69001	5.69001	7.70821	9.71581
0.33	-0.0350058	1.63499	3.65514	5.67001	5.67001	7.69075	9.69908
0.35	-0.0395801	1.61042	3.63354	5.65002	5.65002	7.67348	9.68253
0.37	-0.0444579	1.58554	3.61189	5.63002	5.63002	7.65638	9.66614
0.39	-0.0496429	1.56036	3.59021	5.61002	5.61002	7.63947	9.64992
0.41	-0.0551383	1.53486	3.56848	5.59003	5.59003	7.62273	9.63387
0.43	-0.0609473	1.50905	3.54673	5.57003	5.57003	7.60618	9.61798
0.45	-0.0670731	1.48293	3.52495	5.55004	5.55004	7.58981	9.60225
0.47	-0.0735186	1.45648	3.50315	5.53004	5.53004	7.57362	9.58667
0.49	-0.0802868	1.42971	3.48134	5.51005	5.51005	7.55761	9.57125
0.51	-0.0873803	1.40262	3.45952	5.49005	5.49005	7.54179	9.55597
0.53	-0.0948017	1.3752	3.43769	5.47006	5.47006	7.52615	9.54085
0.55	-0.102553	1.34745	3.41587	5.45006	5.45006	7.51069	9.52586
0.57	-0.110638	1.31936	3.39405	5.43007	5.43007	7.49542	9.51102
0.59	-0.119057	1.29094	3.37225	5.41008	5.41008	7.48033	9.49632
0.61	-0.127813	1.26219	3.35046	5.39009	5.39009	7.46542	9.48176
0.63	-0.136907	1.23309	3.32869	5.3701	5.3701	7.4507	9.46733
0.65	-0.146341	1.20366	3.30695	5.3501	5.3501	7.43615	9.45303
0.67	-0.156117	1.17388	3.28524	5.33011	5.33011	7.42179	9.43887
0.69	-0.166236	1.14376	3.26356	5.31012	5.31012	7.4076	9.42483
0.71	-0.176698	1.1133	3.24192	5.29014	5.29014	7.3936	9.41091
0.73	-0.187505	1.0825	3.22032	5.27015	5.27015	7.37977	9.39712
0.75	-0.198657	1.05134	3.19877	5.25016	5.25016	7.36612	9.38345
0.77	-0.210154	1.01985	3.17727	5.23017	5.23017	7.35264	9.3699
0.79	-0.221998	0.988002	3.15583	5.21018	5.21018	7.33934	9.35646
0.81	-0.234187	0.955813	3.13444	5.1902	5.1902	7.32621	9.34314
0.83	-0.246723	0.923277	3.11311	5.17021	5.17021	7.31326	9.32993
0.85	-0.259604	0.890396	3.09184	5.15023	5.15023	7.30047	9.31683
0.87	-0.27283	0.85717	3.07064	5.13024	5.13024	7.28785	9.30385
0.89	-0.286401	0.823599	3.04951	5.11026	5.11026	7.2754	9.29097
0.91	-0.300315	0.789685	3.02845	5.09028	5.09028	7.26312	9.27819
0.93	-0.314572	0.755428	3.00746	5.07029	5.07029	7.251	9.26552
0.95	-0.329171	0.720829	2.98655	5.05031	5.05031	7.23905	9.25295
0.97	-0.344109	0.685891	2.96571	5.03033	5.03033	7.22725	9.24048
0.99	-0.359386	0.650614	2.94495	5.01035	5.01035	7.21562	9.22811
