# dimension of H = 6
# flow parameter s, norm of off-diagonal elements of H, vectorized elements of H (N*N elements)
0	1.20867	1.49804	-0.249744	-0.246516	-0.246516	-0.241399	4.70888e-07	-0.249744	3.49903	-0.249237	-0.249237	1.93308e-06	-0.240913	-0.246516	-0.249237	5.5	2.42572e-06	-0.248762	-0.245544	-0.246516	-0.249237	2.42572e-06	5.5	-0.248762	-0.245544	-0.241399	1.93308e-06	-0.248762	-0.248762	7.50097	-0.248261	4.70888e-07	-0.240913	-0.245544	-0.245544	-0.248261	9.50195	
0.101	0.585869	1.43646	-0.190105	-0.0508621	-0.0508621	-0.00755002	-9.93365e-06	-0.190105	3.47643	-0.158923	-0.158923	0.000855444	-0.00448085	-0.0508621	-0.158923	5.50172	0.00171518	-0.167161	-0.0440382	-0.0508621	-0.158923	0.00171518	5.50172	-0.167161	-0.0440382	-0.00755002	0.000855444	-0.167161	-0.167161	7.5309	-0.141242	-9.93365e-06	-0.00448085	-0.0440382	-0.0440382	-0.141242	9.55278	
0.202	0.376315	1.42484	-0.127785	-0.00963304	-0.00963304	-0.000389995	-4.02188e-06	-0.127785	3.47304	-0.102966	-0.102966	0.000254209	6.812e-05	-0.00963304	-0.102966	5.50087	0.000870898	-0.111212	-0.00835422	-0.00963304	-0.102966	0.000870898	5.50087	-0.111212	-0.00835422	-0.000389995	0.000254209	-0.111212	-0.111212	7.54133	-0.0906158	-4.02188e-06	6.812e-05	-0.00835422	-0.00835422	-0.0906158	9.55905	
0.303	0.246929	1.42022	-0.0839734	-0.00180741	-0.00180741	-3.55214e-05	-3.98117e-07	-0.0839734	3.47175	-0.0676999	-0.0676999	6.38179e-05	2.34825e-05	-0.00180741	-0.0676999	5.50036	0.000355973	-0.0731083	-0.00159116	-0.00180741	-0.0676999	0.000355973	5.50036	-0.0731083	-0.00159116	-3.55214e-05	6.38179e-05	-0.0731083	-0.0731083	7.54598	-0.0597286	-3.98117e-07	2.34825e-05	-0.00159116	-0.00159116	-0.0597286	9.56135	
0.404	0.162234	1.41824	-0.0549245	-0.000340283	-0.000340283	-4.10087e-06	-3.37678e-08	-0.0549245	3.47117	-0.0446394	-0.0446394	1.76994e-05	3.32369e-06	-0.000340283	-0.0446394	5.50014	0.000138634	-0.0479059	-0.000305073	-0.000340283	-0.0446394	0.000138634	5.50014	-0.0479059	-0.000305073	-4.10087e-06	1.76994e-05	-0.0479059	-0.0479059	7.54797	-0.0395926	-3.37678e-08	3.32369e-06	-0.000305073	-0.000305073	-0.0395926	9.56234	
0.505	0.10658	1.4174	-0.0358852	-6.49819e-05	-6.49819e-05	-5.08137e-07	-2.82767e-09	-0.0358852	3.4709	-0.0294483	-0.0294483	5.78105e-06	4.36796e-07	-6.49819e-05	-0.0294483	5.50005	5.26577e-05	-0.0313609	-5.95647e-05	-6.49819e-05	-0.0294483	5.26577e-05	5.50005	-0.0313609	-5.95647e-05	-5.08137e-07	5.78105e-06	-0.0313609	-0.0313609	7.54882	-0.0262769	-2.82767e-09	4.36796e-07	-5.95647e-05	-5.95647e-05	-0.0262769	9.56277	
0.606	0.0700142	1.41704	-0.0234389	-1.28286e-05	-1.28286e-05	-6.61568e-08	-2.43922e-10	-0.0234389	3.47078	-0.0194281	-0.0194281	2.16022e-06	5.88821e-08	-1.28286e-05	-0.0194281	5.50002	1.95364e-05	-0.0205231	-1.21089e-05	-1.28286e-05	-0.0194281	1.95364e-05	5.50002	-0.0205231	-1.21089e-05	-6.61568e-08	2.16022e-06	-0.0205231	-0.0205231	7.54918	-0.0174446	-2.43922e-10	5.88821e-08	-1.21089e-05	-1.21089e-05	-0.0174446	9.56296	
0.707	0.045994	1.41689	-0.0153081	-2.71055e-06	-2.71055e-06	-9.32917e-09	-2.25445e-11	-0.0153081	3.47072	-0.0128173	-0.0128173	8.73123e-07	8.5826e-09	-2.71055e-06	-0.0128173	5.50001	7.04104e-06	-0.013429	-2.66424e-06	-2.71055e-06	-0.0128173	7.04104e-06	5.50001	-0.013429	-2.66424e-06	-9.32917e-09	8.73123e-07	-0.013429	-0.013429	7.54933	-0.0115819	-2.25445e-11	8.5826e-09	-2.66424e-06	-2.66424e-06	-0.0115819	9.56305	
0.808	0.0302158	1.41682	-0.00999747	-6.44975e-07	-6.44975e-07	-1.49964e-09	-2.35043e-12	-0.00999747	3.4707	-0.00845598	-0.00845598	3.66449e-07	1.42786e-09	-6.44975e-07	-0.00845598	5.5	2.43648e-06	-0.00878663	-6.67962e-07	-6.44975e-07	-0.00845598	2.43648e-06	5.5	-0.00878663	-6.67962e-07	-1.49964e-09	3.66449e-07	-0.00878663	-0.00878663	7.54939	-0.00768975	-2.35043e-12	1.42786e-09	-6.67962e-07	-6.67962e-07	-0.00768975	9.56309	
0.909	0.0198515	1.4168	-0.00652912	-1.80834e-07	-1.80834e-07	-2.85604e-10	-2.88748e-13	-0.00652912	3.47068	-0.00557863	-0.00557863	1.56344e-07	2.80942e-10	-1.80834e-07	-0.00557863	5.5	7.91242e-07	-0.005749	-1.97906e-07	-1.80834e-07	-0.00557863	7.91242e-07	5.5	-0.005749	-1.97906e-07	-2.85604e-10	1.56344e-07	-0.005749	-0.005749	7.54942	-0.0051056	-2.88748e-13	2.80942e-10	-1.97906e-07	-1.97906e-07	-0.0051056	9.5631	
1.01	0.013043	1.41678	-0.00426399	-5.98968e-08	-5.98968e-08	-6.3867e-11	-4.18153e-14	-0.00426399	3.47068	-0.00368036	-0.00368036	6.7163e-08	6.4572e-11	-5.98968e-08	-0.00368036	5.5	2.29087e-07	-0.00376148	-6.85788e-08	-5.98968e-08	-0.00368036	2.29087e-07	5.5	-0.00376148	-6.85788e-08	-6.3867e-11	6.7163e-08	-0.00376148	-0.00376148	7.54943	-0.00338987	-4.18153e-14	6.4572e-11	-6.85788e-08	-6.85788e-08	-0.00338987	9.56311	
1.111	0.00857024	1.41678	-0.0027847	-2.24623e-08	-2.24623e-08	-1.59836e-11	-6.83704e-15	-0.0027847	3.47068	-0.00242802	-0.00242802	2.89337e-08	1.65238e-11	-2.24623e-08	-0.00242802	5.5	5.03537e-08	-0.00246107	-2.65121e-08	-2.24623e-08	-0.00242802	5.03537e-08	5.5	-0.00246107	-2.65121e-08	-1.59836e-11	2.89337e-08	-0.00246107	-0.00246107	7.54943	-0.00225071	-6.83704e-15	1.65238e-11	-2.65121e-08	-2.65121e-08	-0.00225071	9.56311	
1.212	0.00563166	1.41678	-0.00181861	-9.05699e-09	-9.05699e-09	-4.26046e-12	-1.1996e-15	-0.00181861	3.47067	-0.00160182	-0.00160182	1.2479e-08	4.48919e-12	-9.05699e-09	-0.00160182	5.5	7.96594e-10	-0.00161023	-1.08989e-08	-9.05699e-09	-0.00160182	7.96594e-10	5.5	-0.00161023	-1.08989e-08	-4.26046e-12	1.2479e-08	-0.00161023	-0.00161023	7.54944	-0.00149436	-1.1996e-15	4.48919e-12	-1.08989e-08	-1.08989e-08	-0.00149436	9.56311	
1.313	0.00370092	1.41677	-0.00118768	-3.78692e-09	-3.78692e-09	-1.17123e-12	-2.18044e-16	-0.00118768	3.47067	-0.00105676	-0.00105676	5.38467e-09	1.25592e-12	-3.78692e-09	-0.00105676	5.5	-8.68467e-09	-0.00105354	-4.618e-09	-3.78692e-09	-0.00105676	-8.68467e-09	5.5	-0.00105354	-4.618e-09	-1.17123e-12	5.38467e-09	-0.00105354	-0.00105354	7.54944	-0.000992185	-2.18044e-16	1.25592e-12	-4.618e-09	-4.618e-09	-0.000992185	9.56312	
1.414	0.00243228	1.41677	-0.00077564	-1.61018e-09	-1.61018e-09	-3.26546e-13	-4.02856e-17	-0.00077564	3.47067	-0.00069717	-0.00069717	2.32394e-09	3.56126e-13	-1.61018e-09	-0.00069717	5.5	-7.6365e-09	-0.000689312	-1.98412e-09	-1.61018e-09	-0.00069717	-7.6365e-09	5.5	-0.000689312	-1.98412e-09	-3.26546e-13	2.32394e-09	-0.000689312	-0.000689312	7.54944	-0.000658764	-4.02856e-17	3.56126e-13	-1.98412e-09	-1.98412e-09	-0.000658764	9.56312	
1.515	0.00159862	1.41677	-0.000506549	-6.89768e-10	-6.89768e-10	-9.16124e-14	-7.49757e-18	-0.000506549	3.47067	-0.000459939	-0.000459939	1.00305e-09	1.01589e-13	-6.89768e-10	-0.000459939	5.5	-4.96505e-09	-0.000451003	-8.57779e-10	-6.89768e-10	-0.000459939	-4.96505e-09	5.5	-0.000451003	-8.57779e-10	-9.16124e-14	1.00305e-09	-0.000451003	-0.000451003	7.54944	-0.000437387	-7.49757e-18	1.01589e-13	-8.57779e-10	-8.57779e-10	-0.000437387	9.56312	
1.616	0.00105077	1.41677	-0.000330813	-2.96446e-10	-2.96446e-10	-2.57717e-14	-1.39984e-18	-0.000330813	3.47067	-0.000303433	-0.000303433	4.32952e-10	2.90555e-14	-2.96446e-10	-0.000303433	5.5	-2.85403e-09	-0.000295083	-3.71847e-10	-2.96446e-10	-0.000303433	-2.85403e-09	5.5	-0.000295083	-3.71847e-10	-2.57717e-14	4.32952e-10	-0.000295083	-0.000295083	7.54944	-0.000290404	-1.39984e-18	2.90555e-14	-3.71847e-10	-3.71847e-10	-0.000290404	9.56312	
1.717	0.000690721	1.41677	-0.000216044	-1.27586e-10	-1.27586e-10	-7.25842e-15	-2.61722e-19	-0.000216044	3.47067	-0.000200182	-0.000200182	1.86879e-10	8.3197e-15	-1.27586e-10	-0.000200182	5.5	-1.52928e-09	-0.000193067	-1.61387e-10	-1.27586e-10	-0.000200182	-1.52928e-09	5.5	-0.000193067	-1.61387e-10	-7.25842e-15	1.86879e-10	-0.000193067	-0.000193067	7.54944	-0.000192815	-2.61722e-19	8.3197e-15	-1.61387e-10	-1.61387e-10	-0.000192815	9.56312	
1.818	0.000454074	1.41677	-0.000141092	-5.49445e-11	-5.49445e-11	-2.04532e-15	-4.89625e-20	-0.000141092	3.47067	-0.000132064	-0.000132064	8.06648e-11	2.38344e-15	-5.49445e-11	-0.000132064	5.5	-7.78926e-10	-0.00012632	-7.00804e-11	-5.49445e-11	-0.000132064	-7.78926e-10	5.5	-0.00012632	-7.00804e-11	-2.04532e-15	8.06648e-11	-0.00012632	-0.00012632	7.54944	-0.00012802	-4.89625e-20	2.38344e-15	-7.00804e-11	-7.00804e-11	-0.00012802	9.56312	
1.919	0.000298525	1.41677	-9.21434e-05	-2.36679e-11	-2.36679e-11	-5.76468e-16	-9.16221e-21	-9.21434e-05	3.47067	-8.7126e-05	-8.7126e-05	3.48184e-11	6.82958e-16	-2.36679e-11	-8.7126e-05	5.5	-3.7795e-10	-8.26486e-05	-3.04384e-11	-2.36679e-11	-8.7126e-05	-3.7795e-10	5.5	-8.26486e-05	-3.04384e-11	-5.76468e-16	3.48184e-11	-8.26486e-05	-8.26486e-05	7.54944	-8.49989e-05	-9.16221e-21	6.82958e-16	-3.04384e-11	-3.04384e-11	-8.49989e-05	9.56312	
2.02	0.000196276	1.41677	-6.01762e-05	-1.01964e-11	-1.01964e-11	-1.62492e-16	-1.71469e-21	-6.01762e-05	3.47067	-5.7479e-05	-5.7479e-05	1.50291e-11	1.95715e-16	-1.01964e-11	-5.7479e-05	5.5	-1.71584e-10	-5.40754e-05	-1.32218e-11	-1.01964e-11	-5.7479e-05	-1.71584e-10	5.5	-5.40754e-05	-1.32218e-11	-1.62492e-16	1.50291e-11	-5.40754e-05	-5.40754e-05	7.54944	-5.64352e-05	-1.71469e-21	1.95715e-16	-1.32218e-11	-1.32218e-11	-5.64352e-05	9.56312	
2.121	0.000129057	1.41677	-3.92994e-05	-4.3929e-12	-4.3929e-12	-4.58041e-17	-3.20917e-22	-3.92994e-05	3.47067	-3.79202e-05	-3.79202e-05	6.48723e-12	5.60885e-17	-4.3929e-12	-3.79202e-05	5.5	-6.81338e-11	-3.53804e-05	-5.7435e-12	-4.3929e-12	-3.79202e-05	-6.81338e-11	5.5	-3.53804e-05	-5.7435e-12	-4.58041e-17	6.48723e-12	-3.53804e-05	-3.53804e-05	7.54944	-3.74703e-05	-3.20917e-22	5.60885e-17	-5.7435e-12	-5.7435e-12	-3.74703e-05	9.56312	
2.222	8.48653e-05	1.41677	-2.56653e-05	-1.89263e-12	-1.89263e-12	-1.29117e-17	-6.00633e-23	-2.56653e-05	3.47067	-2.50169e-05	-2.50169e-05	2.80018e-12	1.60742e-17	-1.89263e-12	-2.50169e-05	5.5	-1.72725e-11	-2.31487e-05	-2.49501e-12	-1.89263e-12	-2.50169e-05	-1.72725e-11	5.5	-2.31487e-05	-2.49501e-12	-1.29117e-17	2.80018e-12	-2.31487e-05	-2.31487e-05	7.54944	-2.48785e-05	-6.00633e-23	1.60742e-17	-2.49501e-12	-2.49501e-12	-2.48785e-05	9.56312	
2.323	5.58096e-05	1.41677	-1.67613e-05	-8.15429e-13	-8.15429e-13	-3.63972e-18	-1.12416e-23	-1.67613e-05	3.47067	-1.65042e-05	-1.65042e-05	1.20868e-12	4.6067e-18	-8.15429e-13	-1.65042e-05	5.5	7.36239e-12	-1.51458e-05	-1.08385e-12	-8.15429e-13	-1.65042e-05	7.36239e-12	5.5	-1.51458e-05	-1.08385e-12	-3.63972e-18	1.20868e-12	-1.51458e-05	-1.51458e-05	7.54944	-1.65181e-05	-1.12416e-23	4.6067e-18	-1.08385e-12	-1.08385e-12	-1.65181e-05	9.56312	
2.424	3.67044e-05	1.41677	-1.09463e-05	-3.51324e-13	-3.51324e-13	-1.02602e-18	-2.10403e-24	-1.09463e-05	3.47067	-1.08882e-05	-1.08882e-05	5.21719e-13	1.32024e-18	-3.51324e-13	-1.08882e-05	5.5	1.91538e-11	-9.90957e-06	-4.70835e-13	-3.51324e-13	-1.08882e-05	1.91538e-11	5.5	-9.90957e-06	-4.70835e-13	-1.02602e-18	5.21719e-13	-9.90957e-06	-9.90957e-06	7.54944	-1.09672e-05	-2.10403e-24	1.32024e-18	-4.70835e-13	-4.70835e-13	-1.09672e-05	9.56312	
2.525	2.41412e-05	1.41677	-7.14873e-06	-1.51366e-13	-1.51366e-13	-2.89228e-19	-3.93798e-25	-7.14873e-06	3.47067	-7.1832e-06	-7.1832e-06	2.25197e-13	3.78367e-19	-1.51366e-13	-7.1832e-06	5.5	2.47437e-11	-6.48364e-06	-2.04536e-13	-1.51366e-13	-7.1832e-06	2.47437e-11	5.5	-6.48364e-06	-2.04536e-13	-2.89228e-19	2.25197e-13	-6.48364e-06	-6.48364e-06	7.54944	-7.28172e-06	-3.93798e-25	3.78367e-19	-2.04536e-13	-2.04536e-13	-7.28172e-06	9.56312	
2.626	1.58793e-05	1.41677	-4.66863e-06	-6.52157e-14	-6.52157e-14	-8.15316e-20	-7.3705e-26	-4.66863e-06	3.47067	-4.73893e-06	-4.73893e-06	9.72048e-14	1.08437e-19	-6.52157e-14	-4.73893e-06	5.5	2.73726e-11	-4.24212e-06	-8.88525e-14	-6.52157e-14	-4.73893e-06	2.73726e-11	5.5	-4.24212e-06	-8.88525e-14	-8.15316e-20	9.72048e-14	-4.24212e-06	-4.24212e-06	7.54944	-4.83472e-06	-7.3705e-26	1.08437e-19	-8.88525e-14	-8.88525e-14	-4.83472e-06	9.56312	
2.727	1.04457e-05	1.41677	-3.04895e-06	-2.80979e-14	-2.80979e-14	-2.29833e-20	-1.37949e-26	-3.04895e-06	3.47067	-3.12638e-06	-3.12638e-06	4.19579e-14	3.10769e-20	-2.80979e-14	-3.12638e-06	5.5	2.86007e-11	-2.77554e-06	-3.85985e-14	-2.80979e-14	-3.12638e-06	2.86007e-11	5.5	-2.77554e-06	-3.85985e-14	-2.29833e-20	4.19579e-14	-2.77554e-06	-2.77554e-06	7.54944	-3.21002e-06	-1.37949e-26	3.10769e-20	-3.85985e-14	-3.85985e-14	-3.21002e-06	9.56312	
2.828	6.87183e-06	1.41677	-1.99118e-06	-1.21059e-14	-1.21059e-14	-6.47886e-21	-2.58192e-27	-1.99118e-06	3.47067	-2.06255e-06	-2.06255e-06	1.81109e-14	8.90637e-21	-1.21059e-14	-2.06255e-06	5.5	2.91711e-11	-1.81598e-06	-1.67676e-14	-1.21059e-14	-2.06255e-06	2.91711e-11	5.5	-1.81598e-06	-1.67676e-14	-6.47886e-21	1.81109e-14	-1.81598e-06	-1.81598e-06	7.54944	-2.1313e-06	-2.58192e-27	8.90637e-21	-1.67676e-14	-1.67676e-14	-2.1313e-06	9.56312	
2.929	4.52105e-06	1.41677	-1.30038e-06	-5.21578e-15	-5.21578e-15	-1.82636e-21	-4.83244e-28	-1.30038e-06	3.47067	-1.36071e-06	-1.36071e-06	7.81745e-15	2.55248e-21	-5.21578e-15	-1.36071e-06	5.5	2.94348e-11	-1.18816e-06	-7.28403e-15	-5.21578e-15	-1.36071e-06	2.94348e-11	5.5	-1.18816e-06	-7.28403e-15	-1.82636e-21	7.81745e-15	-1.18816e-06	-1.18816e-06	7.54944	-1.41508e-06	-4.83244e-28	2.55248e-21	-7.28403e-15	-7.28403e-15	-1.41508e-06	9.56312	
3.03	2.97467e-06	1.41677	-8.49244e-07	-2.2472e-15	-2.2472e-15	-5.14839e-22	-9.0446e-29	-8.49244e-07	3.47067	-8.97692e-07	-8.97692e-07	3.37435e-15	7.31519e-22	-2.2472e-15	-8.97692e-07	5.5	2.95561e-11	-7.77389e-07	-3.16426e-15	-2.2472e-15	-8.97692e-07	2.95561e-11	5.5	-7.77389e-07	-3.16426e-15	-5.14839e-22	3.37435e-15	-7.77389e-07	-7.77389e-07	7.54944	-9.39546e-07	-9.0446e-29	7.31519e-22	-3.16426e-15	-3.16426e-15	-9.39546e-07	9.56312	
3.131	1.95736e-06	1.41677	-5.54617e-07	-9.68198e-16	-9.68198e-16	-1.4513e-22	-1.69283e-29	-5.54617e-07	3.47067	-5.92228e-07	-5.92228e-07	1.45652e-15	2.09647e-22	-9.68198e-16	-5.92228e-07	5.5	2.96117e-11	-5.0863e-07	-1.37459e-15	-9.68198e-16	-5.92228e-07	2.96117e-11	5.5	-5.0863e-07	-1.37459e-15	-1.4513e-22	1.45652e-15	-5.0863e-07	-5.0863e-07	7.54944	-6.23814e-07	-1.69283e-29	2.09647e-22	-1.37459e-15	-1.37459e-15	-6.23814e-07	9.56312	
3.232	1.28805e-06	1.41677	-3.62205e-07	-4.17145e-16	-4.17145e-16	-4.09114e-23	-3.16837e-30	-3.62205e-07	3.47067	-3.90707e-07	-3.90707e-07	6.28698e-16	6.00828e-23	-4.17145e-16	-3.90707e-07	5.5	2.96371e-11	-3.32787e-07	-5.97136e-16	-4.17145e-16	-3.90707e-07	2.96371e-11	5.5	-3.32787e-07	-5.97136e-16	-4.09114e-23	6.28698e-16	-3.32787e-07	-3.32787e-07	7.54944	-4.14182e-07	-3.16837e-30	6.00828e-23	-5.97136e-16	-5.97136e-16	-4.14182e-07	9.56312	
3.333	8.47672e-07	1.41677	-2.36546e-07	-1.79725e-16	-1.79725e-16	-1.15327e-23	-5.93006e-31	-2.36546e-07	3.47067	-2.57758e-07	-2.57758e-07	2.71374e-16	1.72192e-23	-1.79725e-16	-2.57758e-07	5.5	2.96487e-11	-2.17736e-07	-2.59403e-16	-1.79725e-16	-2.57758e-07	2.96487e-11	5.5	-2.17736e-07	-2.59403e-16	-1.15327e-23	2.71374e-16	-2.17736e-07	-2.17736e-07	7.54944	-2.74997e-07	-5.93006e-31	1.72192e-23	-2.59403e-16	-2.59403e-16	-2.74997e-07	9.56312	
3.434	5.57898e-07	1.41677	-1.54481e-07	-7.74341e-17	-7.74341e-17	-3.251e-24	-1.1099e-31	-1.54481e-07	3.47067	-1.70049e-07	-1.70049e-07	1.17137e-16	4.93487e-24	-7.74341e-17	-1.70049e-07	5.5	2.9654e-11	-1.4246e-07	-1.12687e-16	-7.74341e-17	-1.70049e-07	2.9654e-11	5.5	-1.4246e-07	-1.12687e-16	-3.251e-24	1.17137e-16	-1.4246e-07	-1.4246e-07	7.54944	-1.82585e-07	-1.1099e-31	4.93487e-24	-1.12687e-16	-1.12687e-16	-1.82585e-07	9.56312	
3.535	3.67209e-07	1.41677	-1.00887e-07	-3.33622e-17	-3.33622e-17	-9.1644e-25	-2.07733e-32	-1.00887e-07	3.47067	-1.12185e-07	-1.12185e-07	5.05614e-17	1.41429e-24	-3.33622e-17	-1.12185e-07	5.5	2.96564e-11	-9.3209e-08	-4.89526e-17	-3.33622e-17	-1.12185e-07	2.96564e-11	5.5	-9.3209e-08	-4.89526e-17	-9.1644e-25	5.05614e-17	-9.3209e-08	-9.3209e-08	7.54944	-1.21228e-07	-2.07733e-32	1.41429e-24	-4.89526e-17	-4.89526e-17	-1.21228e-07	9.56312	
3.636	2.41716e-07	1.41677	-6.58866e-08	-1.4374e-17	-1.4374e-17	-2.58339e-25	-3.88802e-33	-6.58866e-08	3.47067	-7.40113e-08	-7.40113e-08	2.18245e-17	4.05322e-25	-1.4374e-17	-7.40113e-08	5.5	2.96574e-11	-6.09848e-08	-2.12655e-17	-1.4374e-17	-7.40113e-08	2.96574e-11	5.5	-6.09848e-08	-2.12655e-17	-2.58339e-25	2.18245e-17	-6.09848e-08	-6.09848e-08	7.54944	-8.04894e-08	-3.88802e-33	4.05322e-25	-2.12655e-17	-2.12655e-17	-8.04894e-08	9.56312	
3.737	1.59121e-07	1.41677	-4.30287e-08	-6.19298e-18	-6.19298e-18	-7.28244e-26	-7.27699e-34	-4.30287e-08	3.47067	-4.88269e-08	-4.88269e-08	9.42042e-18	1.16162e-25	-6.19298e-18	-4.88269e-08	5.5	2.96579e-11	-3.99012e-08	-9.23798e-18	-6.19298e-18	-4.88269e-08	2.96579e-11	5.5	-3.99012e-08	-9.23798e-18	-7.28244e-26	9.42042e-18	-3.99012e-08	-3.99012e-08	7.54944	-5.34411e-08	-7.27699e-34	1.16162e-25	-9.23798e-18	-9.23798e-18	-5.34411e-08	9.56312	
3.838	1.04757e-07	1.41677	-2.81008e-08	-2.66822e-18	-2.66822e-18	-2.05288e-26	-1.36199e-34	-2.81008e-08	3.47067	-3.22123e-08	-3.22123e-08	4.06627e-18	3.32909e-26	-2.66822e-18	-3.22123e-08	5.5	2.96581e-11	-2.61066e-08	-4.01308e-18	-2.66822e-18	-3.22123e-08	2.96581e-11	5.5	-2.61066e-08	-4.01308e-18	-2.05288e-26	4.06627e-18	-2.61066e-08	-2.61066e-08	7.54944	-3.54823e-08	-1.36199e-34	3.32909e-26	-4.01308e-18	-4.01308e-18	-3.54823e-08	9.56312	
3.939	6.89717e-08	1.41677	-1.83518e-08	-1.14959e-18	-1.14959e-18	-5.78695e-27	-2.54917e-35	-1.83518e-08	3.47067	-2.12512e-08	-2.12512e-08	1.75518e-18	9.54086e-27	-1.14959e-18	-2.12512e-08	5.5	2.96582e-11	-1.7081e-08	-1.74332e-18	-1.14959e-18	-2.12512e-08	2.96582e-11	5.5	-1.7081e-08	-1.74332e-18	-5.78695e-27	1.75518e-18	-1.7081e-08	-1.7081e-08	7.54944	-2.35586e-08	-2.54917e-35	9.54086e-27	-1.74332e-18	-1.74332e-18	-2.35586e-08	9.56312	
4.04	4.54141e-08	1.41677	-1.19851e-08	-4.95299e-19	-4.95299e-19	-1.63131e-27	-4.77113e-36	-1.19851e-08	3.47067	-1.40199e-08	-1.40199e-08	7.57613e-19	2.73432e-27	-4.95299e-19	-1.40199e-08	5.5	2.96583e-11	-1.11758e-08	-7.57319e-19	-4.95299e-19	-1.40199e-08	2.96583e-11	5.5	-1.11758e-08	-7.57319e-19	-1.63131e-27	7.57613e-19	-1.11758e-08	-1.11758e-08	7.54944	-1.56418e-08	-4.77113e-36	2.73432e-27	-7.57319e-19	-7.57319e-19	-1.56418e-08	9.56312	
4.141	2.99049e-08	1.41677	-7.8271e-09	-2.13398e-19	-2.13398e-19	-4.59857e-28	-8.92986e-37	-7.8271e-09	3.47067	-9.24925e-09	-9.24925e-09	3.27019e-19	7.83633e-28	-2.13398e-19	-9.24925e-09	5.5	2.96583e-11	-7.31209e-09	-3.28988e-19	-2.13398e-19	-9.24925e-09	2.96583e-11	5.5	-7.31209e-09	-3.28988e-19	-4.59857e-28	3.27019e-19	-7.31209e-09	-7.31209e-09	7.54944	-1.03854e-08	-8.92986e-37	7.83633e-28	-3.28988e-19	-3.28988e-19	-1.03854e-08	9.56312	
4.242	1.96937e-08	1.41677	-5.11166e-09	-9.19417e-20	-9.19417e-20	-1.29631e-28	-1.67135e-37	-5.11166e-09	3.47067	-6.10195e-09	-6.10195e-09	1.41156e-19	2.24582e-28	-9.19417e-20	-6.10195e-09	5.5	2.96583e-11	-4.78416e-09	-1.42916e-19	-9.19417e-20	-6.10195e-09	2.96583e-11	5.5	-4.78416e-09	-1.42916e-19	-1.29631e-28	1.41156e-19	-4.78416e-09	-4.78416e-09	7.54944	-6.8954e-09	-1.67135e-37	2.24582e-28	-1.42916e-19	-1.42916e-19	-6.8954e-09	9.56312	
4.343	1.29701e-08	1.41677	-3.33828e-09	-3.96127e-20	-3.96127e-20	-3.65423e-29	-3.12818e-38	-3.33828e-09	3.47067	-4.0256e-09	-4.0256e-09	6.0929e-20	6.43632e-29	-3.96127e-20	-4.0256e-09	5.5	2.96583e-11	-3.13018e-09	-6.20842e-20	-3.96127e-20	-4.0256e-09	2.96583e-11	5.5	-3.13018e-09	-6.20842e-20	-3.65423e-29	6.0929e-20	-3.13018e-09	-3.13018e-09	7.54944	-4.57821e-09	-3.12818e-38	6.43632e-29	-6.20842e-20	-6.20842e-20	-4.57821e-09	9.56312	
4.444	8.54269e-09	1.41677	-2.18014e-09	-1.7067e-20	-1.7067e-20	-1.03011e-29	-5.85483e-39	-2.18014e-09	3.47067	-2.65578e-09	-2.65578e-09	2.62997e-20	1.84459e-29	-1.7067e-20	-2.65578e-09	5.5	2.96583e-11	-2.04801e-09	-2.697e-20	-1.7067e-20	-2.65578e-09	2.96583e-11	5.5	-2.04801e-09	-2.697e-20	-1.03011e-29	2.62997e-20	-2.04801e-09	-2.04801e-09	7.54944	-3.03972e-09	-5.85483e-39	1.84459e-29	-2.697e-20	-2.697e-20	-3.03972e-09	9.56312	
4.545	5.62706e-09	1.41677	-1.42378e-09	-7.35326e-21	-7.35326e-21	-2.90381e-30	-1.09582e-39	-1.42378e-09	3.47067	-1.75208e-09	-1.75208e-09	1.13521e-20	5.28643e-30	-7.35326e-21	-1.75208e-09	5.5	2.96583e-11	-1.33998e-09	-1.17161e-20	-7.35326e-21	-1.75208e-09	2.96583e-11	5.5	-1.33998e-09	-1.17161e-20	-2.90381e-30	1.13521e-20	-1.33998e-09	-1.33998e-09	7.54944	-2.01823e-09	-1.09582e-39	5.28643e-30	-1.17161e-20	-1.17161e-20	-2.01823e-09	9.56312	
4.646	3.70689e-09	1.41677	-9.29833e-10	-3.16813e-21	-3.16813e-21	-8.18568e-31	-2.05098e-40	-9.29833e-10	3.47067	-1.15589e-09	-1.15589e-09	4.90006e-21	1.51504e-30	-3.16813e-21	-1.15589e-09	5.5	2.96583e-11	-8.7672e-10	-5.08959e-21	-3.16813e-21	-1.15589e-09	2.96583e-11	5.5	-8.7672e-10	-5.08959e-21	-8.18568e-31	4.90006e-21	-8.7672e-10	-8.7672e-10	7.54944	-1.34001e-09	-2.05098e-40	1.51504e-30	-5.08959e-21	-5.08959e-21	-1.34001e-09	9.56312	
4.747	2.44225e-09	1.41677	-6.07247e-10	-1.36498e-21	-1.36498e-21	-2.3075e-31	-3.8387e-41	-6.07247e-10	3.47067	-7.62566e-10	-7.62566e-10	2.11508e-21	4.34197e-31	-1.36498e-21	-7.62566e-10	5.5	2.96583e-11	-5.73621e-10	-2.21097e-21	-1.36498e-21	-7.62566e-10	2.96583e-11	5.5	-5.73621e-10	-2.21097e-21	-2.3075e-31	2.11508e-21	-5.73621e-10	-5.73621e-10	7.54944	-8.89699e-10	-3.8387e-41	4.34197e-31	-2.21097e-21	-2.21097e-21	-8.89699e-10	9.56312	
4.848	1.60935e-09	1.41677	-3.96576e-10	-5.88095e-22	-5.88095e-22	-6.50471e-32	-7.18468e-42	-3.96576e-10	3.47067	-5.03082e-10	-5.03082e-10	9.12962e-22	1.24437e-31	-5.88095e-22	-5.03082e-10	5.5	2.96583e-11	-3.75309e-10	-9.60471e-22	-5.88095e-22	-5.03082e-10	2.96583e-11	5.5	-3.75309e-10	-9.60471e-22	-6.50471e-32	9.12962e-22	-3.75309e-10	-3.75309e-10	7.54944	-5.90718e-10	-7.18468e-42	1.24437e-31	-9.60471e-22	-9.60471e-22	-5.90718e-10	9.56312	
4.949	1.06084e-09	1.41677	-2.58993e-10	-2.53379e-22	-2.53379e-22	-1.83364e-32	-1.34472e-42	-2.58993e-10	3.47067	-3.31895e-10	-3.31895e-10	3.94075e-22	3.56625e-32	-2.53379e-22	-3.31895e-10	5.5	2.96583e-11	-2.45557e-10	-4.17239e-22	-2.53379e-22	-3.31895e-10	2.96583e-11	5.5	-2.45557e-10	-4.17239e-22	-1.83364e-32	3.94075e-22	-2.45557e-10	-2.45557e-10	7.54944	-3.92208e-10	-1.34472e-42	3.56625e-32	-4.17239e-22	-4.17239e-22	-3.92208e-10	9.56312	
5.051	6.96857e-10	1.41677	-1.68429e-10	-1.08261e-22	-1.08261e-22	-5.10453e-33	-2.47542e-43	-1.68429e-10	3.47067	-2.18059e-10	-2.18059e-10	1.68691e-22	1.00949e-32	-1.08261e-22	-2.18059e-10	5.5	2.96583e-11	-1.5999e-10	-1.79763e-22	-1.08261e-22	-2.18059e-10	2.96583e-11	5.5	-1.5999e-10	-1.79763e-22	-5.10453e-33	1.68691e-22	-1.5999e-10	-1.5999e-10	7.54944	-2.59354e-10	-2.47542e-43	1.00949e-32	-1.79763e-22	-1.79763e-22	-2.59354e-10	9.56312	
5.152	4.60297e-10	1.41677	-1.09996e-10	-4.66439e-23	-4.66439e-23	-1.43894e-33	-4.6331e-44	-1.09996e-10	3.47067	-1.43859e-10	-1.43859e-10	7.28144e-23	2.8931e-33	-4.66439e-23	-1.43859e-10	5.5	2.96583e-11	-1.04678e-10	-7.80911e-23	-4.66439e-23	-1.43859e-10	2.96583e-11	5.5	-1.04678e-10	-7.80911e-23	-1.43894e-33	7.28144e-23	-1.04678e-10	-1.04678e-10	7.54944	-1.72198e-10	-4.6331e-44	2.8931e-33	-7.80911e-23	-7.80911e-23	-1.72198e-10	9.56312	
5.253	3.04984e-10	1.41677	-7.18352e-11	-2.00963e-23	-2.00963e-23	-4.05629e-34	-8.6715e-45	-7.18352e-11	3.47067	-9.49069e-11	-9.49069e-11	3.14299e-23	8.29136e-34	-2.00963e-23	-9.49069e-11	5.5	2.96583e-11	-6.84889e-11	-3.39236e-23	-2.00963e-23	-9.49069e-11	2.96583e-11	5.5	-6.84889e-11	-3.39236e-23	-4.05629e-34	3.14299e-23	-6.84889e-11	-6.84889e-11	7.54944	-1.14332e-10	-8.6715e-45	8.29136e-34	-3.39236e-23	-3.39236e-23	-1.14332e-10	9.56312	
5.354	2.03468e-10	1.41677	-4.69135e-11	-8.65844e-24	-8.65844e-24	-1.14344e-34	-1.623e-45	-4.69135e-11	3.47067	-6.26123e-11	-6.26123e-11	1.35665e-23	2.37623e-34	-8.65844e-24	-6.26123e-11	5.5	2.96583e-11	-4.48109e-11	-1.47368e-23	-8.65844e-24	-6.26123e-11	2.96583e-11	5.5	-4.48109e-11	-1.47368e-23	-1.14344e-34	1.35665e-23	-4.48109e-11	-4.48109e-11	7.54944	-7.59107e-11	-1.623e-45	2.37623e-34	-1.47368e-23	-1.47368e-23	-7.59107e-11	9.56312	
5.455	1.3777e-10	1.41677	-3.06379e-11	-3.73046e-24	-3.73046e-24	-3.22331e-35	-3.03767e-46	-3.06379e-11	3.47067	-4.13068e-11	-4.13068e-11	5.85591e-24	6.81006e-35	-3.73046e-24	-4.13068e-11	5.5	2.96583e-11	-2.93189e-11	-6.40182e-24	-3.73046e-24	-4.13068e-11	2.96583e-11	5.5	-2.93189e-11	-6.40182e-24	-3.22331e-35	5.85591e-24	-2.93189e-11	-2.93189e-11	7.54944	-5.04011e-11	-3.03767e-46	6.81006e-35	-6.40182e-24	-6.40182e-24	-5.04011e-11	9.56312	
5.556	9.61353e-11	1.41677	-2.00087e-11	-1.60725e-24	-1.60725e-24	-9.08632e-36	-5.68544e-47	-2.00087e-11	3.47067	-2.7251e-11	-2.7251e-11	2.52767e-24	1.9517e-35	-1.60725e-24	-2.7251e-11	5.5	2.96583e-11	-1.91828e-11	-2.78102e-24	-1.60725e-24	-2.7251e-11	2.96583e-11	5.5	-1.91828e-11	-2.78102e-24	-9.08632e-36	2.52767e-24	-1.91828e-11	-1.91828e-11	7.54944	-3.34639e-11	-5.68544e-47	1.9517e-35	-2.78102e-24	-2.78102e-24	-3.34639e-11	9.56312	
5.657	7.07885e-11	1.41677	-1.30671e-11	-6.9248e-25	-6.9248e-25	-2.56138e-36	-1.06411e-47	-1.30671e-11	3.47067	-1.79781e-11	-1.79781e-11	1.09105e-24	5.5934e-36	-6.9248e-25	-1.79781e-11	5.5	2.96583e-11	-1.25509e-11	-1.20811e-24	-6.9248e-25	-1.79781e-11	2.96583e-11	5.5	-1.25509e-11	-1.20811e-24	-2.56138e-36	1.09105e-24	-1.25509e-11	-1.25509e-11	7.54944	-2.22184e-11	-1.06411e-47	5.5934e-36	-1.20811e-24	-1.20811e-24	-2.22184e-11	9.56312	
5.758	5.63254e-11	1.41677	-8.53378e-12	-2.98353e-25	-2.98353e-25	-7.22039e-37	-1.99164e-48	-8.53378e-12	3.47067	-1.18606e-11	-1.18606e-11	4.70946e-25	1.60302e-36	-2.98353e-25	-1.18606e-11	5.5	2.96583e-11	-8.21182e-12	-5.24814e-25	-2.98353e-25	-1.18606e-11	2.96583e-11	5.5	-8.21182e-12	-5.24814e-25	-7.22039e-37	4.70946e-25	-8.21182e-12	-8.21182e-12	7.54944	-1.4752e-11	-1.99164e-48	1.60302e-36	-5.24814e-25	-5.24814e-25	-1.4752e-11	9.56312	
5.859	4.87196e-11	1.41677	-5.57317e-12	-1.28544e-25	-1.28544e-25	-2.03539e-37	-3.72764e-49	-5.57317e-12	3.47067	-7.82471e-12	-7.82471e-12	2.03281e-25	4.5941e-37	-1.28544e-25	-7.82471e-12	5.5	2.96583e-11	-5.37284e-12	-2.27985e-25	-1.28544e-25	-7.82471e-12	2.96583e-11	5.5	-5.37284e-12	-2.27985e-25	-2.03539e-37	2.03281e-25	-5.37284e-12	-5.37284e-12	7.54944	-9.7946e-12	-3.72764e-49	4.5941e-37	-2.27985e-25	-2.27985e-25	-9.7946e-12	9.56312	
5.96	4.50148e-11	1.41677	-3.63968e-12	-5.53828e-26	-5.53828e-26	-5.73765e-38	-6.97681e-50	-3.63968e-12	3.47067	-5.16214e-12	-5.16214e-12	8.7745e-26	1.31663e-37	-5.53828e-26	-5.16214e-12	5.5	2.96583e-11	-3.51534e-12	-9.90391e-26	-5.53828e-26	-5.16214e-12	2.96583e-11	5.5	-3.51534e-12	-9.90391e-26	-5.73765e-38	8.7745e-26	-3.51534e-12	-3.51534e-12	7.54944	-6.50315e-12	-6.97681e-50	1.31663e-37	-9.90391e-26	-9.90391e-26	-6.50315e-12	9.56312	
6.061	4.33056e-11	1.41677	-2.37697e-12	-2.38615e-26	-2.38615e-26	-1.61741e-38	-1.30581e-50	-2.37697e-12	3.47067	-3.40559e-12	-3.40559e-12	3.78746e-26	3.77334e-38	-2.38615e-26	-3.40559e-12	5.5	2.96583e-11	-2.30002e-12	-4.30237e-26	-2.38615e-26	-3.40559e-12	2.96583e-11	5.5	-2.30002e-12	-4.30237e-26	-1.61741e-38	3.78746e-26	-2.30002e-12	-2.30002e-12	7.54944	-4.31778e-12	-1.30581e-50	3.77334e-38	-4.30237e-26	-4.30237e-26	-4.31778e-12	9.56312	
6.162	4.2541e-11	1.41677	-1.55233e-12	-1.02806e-26	-1.02806e-26	-4.55939e-39	-2.44401e-51	-1.55233e-12	3.47067	-2.24674e-12	-2.24674e-12	1.63483e-26	1.0814e-38	-1.02806e-26	-2.24674e-12	5.5	2.96583e-11	-1.50486e-12	-1.86899e-26	-1.02806e-26	-2.24674e-12	2.96583e-11	5.5	-1.50486e-12	-1.86899e-26	-4.55939e-39	1.63483e-26	-1.50486e-12	-1.50486e-12	7.54944	-2.8668e-12	-2.44401e-51	1.0814e-38	-1.86899e-26	-1.86899e-26	-2.8668e-12	9.56312	
6.263	4.22043e-11	1.41677	-1.01378e-12	-4.42938e-27	-4.42938e-27	-1.28527e-39	-4.57432e-52	-1.01378e-12	3.47067	-1.48223e-12	-1.48223e-12	7.05667e-27	3.09921e-39	-4.42938e-27	-1.48223e-12	5.5	2.96583e-11	-9.84598e-13	-8.11912e-27	-4.42938e-27	-1.48223e-12	2.96583e-11	5.5	-9.84598e-13	-8.11912e-27	-1.28527e-39	7.05667e-27	-9.84598e-13	-9.84598e-13	7.54944	-1.90342e-12	-4.57432e-52	3.09921e-39	-8.11912e-27	-8.11912e-27	-1.90342e-12	9.56312	
6.364	4.2057e-11	1.41677	-6.62073e-13	-1.90838e-27	-1.90838e-27	-3.62309e-40	-8.5615e-53	-6.62073e-13	3.47067	-9.77861e-13	-9.77861e-13	3.04597e-27	8.88204e-40	-1.90838e-27	-9.77861e-13	5.5	2.96583e-11	-6.44203e-13	-3.52703e-27	-1.90838e-27	-9.77861e-13	2.96583e-11	5.5	-6.44203e-13	-3.52703e-27	-3.62309e-40	3.04597e-27	-6.44203e-13	-6.44203e-13	7.54944	-1.26378e-12	-8.5615e-53	8.88204e-40	-3.52703e-27	-3.52703e-27	-1.26378e-12	9.56312	
6.465	4.19927e-11	1.41677	-4.32381e-13	-8.22219e-28	-8.22219e-28	-1.02133e-40	-1.60241e-53	-4.32381e-13	3.47067	-6.45118e-13	-6.45118e-13	1.31477e-27	2.54551e-40	-8.22219e-28	-6.45118e-13	5.5	2.96583e-11	-4.2149e-13	-1.53218e-27	-8.22219e-28	-6.45118e-13	2.96583e-11	5.5	-4.2149e-13	-1.53218e-27	-1.02133e-40	1.31477e-27	-4.2149e-13	-4.2149e-13	7.54944	-8.39088e-13	-1.60241e-53	2.54551e-40	-1.53218e-27	-1.53218e-27	-8.39088e-13	9.56312	
6.566	4.19648e-11	1.41677	-2.82376e-13	-3.5425e-28	-3.5425e-28	-2.87907e-41	-2.99914e-54	-2.82376e-13	3.47067	-4.25599e-13	-4.25599e-13	5.67514e-28	7.29521e-41	-3.5425e-28	-4.25599e-13	5.5	2.96583e-11	-2.75772e-13	-6.65596e-28	-3.5425e-28	-4.25599e-13	2.96583e-11	5.5	-2.75772e-13	-6.65596e-28	-2.87907e-41	5.67514e-28	-2.75772e-13	-2.75772e-13	7.54944	-5.57114e-13	-2.99914e-54	7.29521e-41	-6.65596e-28	-6.65596e-28	-5.57114e-13	9.56312	
6.667	4.19526e-11	1.41677	-1.84412e-13	-1.52627e-28	-1.52627e-28	-8.11594e-42	-5.61332e-55	-1.84412e-13	3.47067	-2.80778e-13	-2.80778e-13	2.44964e-28	2.09074e-41	-1.52627e-28	-2.80778e-13	5.5	2.96583e-11	-1.80432e-13	-2.89142e-28	-1.52627e-28	-2.80778e-13	2.96583e-11	5.5	-1.80432e-13	-2.89142e-28	-8.11594e-42	2.44964e-28	-1.80432e-13	-1.80432e-13	7.54944	-3.69897e-13	-5.61332e-55	2.09074e-41	-2.89142e-28	-2.89142e-28	-3.69897e-13	9.56312	
6.768	4.19473e-11	1.41677	-1.20434e-13	-6.5759e-29	-6.5759e-29	-2.28784e-42	-1.05061e-55	-1.20434e-13	3.47067	-1.85236e-13	-1.85236e-13	1.05737e-28	5.99187e-42	-6.5759e-29	-1.85236e-13	5.5	2.96583e-11	-1.18053e-13	-1.25607e-28	-6.5759e-29	-1.85236e-13	2.96583e-11	5.5	-1.18053e-13	-1.25607e-28	-2.28784e-42	1.05737e-28	-1.18053e-13	-1.18053e-13	7.54944	-2.45594e-13	-1.05061e-55	5.99187e-42	-1.25607e-28	-1.25607e-28	-2.45594e-13	9.56312	
6.869	4.1945e-11	1.41677	-7.8652e-14	-2.8332e-29	-2.8332e-29	-6.44929e-43	-1.96637e-56	-7.8652e-14	3.47067	-1.22204e-13	-1.22204e-13	4.56408e-29	1.71722e-42	-2.8332e-29	-1.22204e-13	5.5	2.96583e-11	-7.72401e-14	-5.45648e-29	-2.8332e-29	-1.22204e-13	2.96583e-11	5.5	-7.72401e-14	-5.45648e-29	-6.44929e-43	4.56408e-29	-7.72401e-14	-7.72401e-14	7.54944	-1.63063e-13	-1.96637e-56	1.71722e-42	-5.45648e-29	-5.45648e-29	-1.63063e-13	9.56312	
6.97	4.1944e-11	1.41677	-5.13654e-14	-1.22068e-29	-1.22068e-29	-1.81802e-43	-3.68035e-57	-5.13654e-14	3.47067	-8.06209e-14	-8.06209e-14	1.97006e-29	4.92139e-43	-1.22068e-29	-8.06209e-14	5.5	2.96583e-11	-5.05367e-14	-2.37036e-29	-1.22068e-29	-8.06209e-14	2.96583e-11	5.5	-5.05367e-14	-2.37036e-29	-1.81802e-43	1.97006e-29	-5.05367e-14	-5.05367e-14	7.54944	-1.08266e-13	-3.68035e-57	4.92139e-43	-2.37036e-29	-2.37036e-29	-1.08266e-13	9.56312	
7.071	4.19435e-11	1.41677	-3.35453e-14	-5.25924e-30	-5.25924e-30	-5.12489e-44	-6.8883e-58	-3.35453e-14	3.47067	-5.31875e-14	-5.31875e-14	8.50364e-30	1.41042e-43	-5.25924e-30	-5.31875e-14	5.5	2.96583e-11	-3.30651e-14	-1.02971e-29	-5.25924e-30	-5.31875e-14	2.96583e-11	5.5	-3.30651e-14	-1.02971e-29	-5.12489e-44	8.50364e-30	-3.30651e-14	-3.30651e-14	7.54944	-7.18833e-14	-6.8883e-58	1.41042e-43	-1.02971e-29	-1.02971e-29	-7.18833e-14	9.56312	
7.172	4.19434e-11	1.41677	-2.19075e-14	-2.26592e-30	-2.26592e-30	-1.44468e-44	-1.28925e-58	-2.19075e-14	3.47067	-3.5089e-14	-3.5089e-14	3.67055e-30	4.04215e-44	-2.26592e-30	-3.5089e-14	5.5	2.96583e-11	-2.16339e-14	-4.47316e-30	-2.26592e-30	-3.5089e-14	2.96583e-11	5.5	-2.16339e-14	-4.47316e-30	-1.44468e-44	3.67055e-30	-2.16339e-14	-2.16339e-14	7.54944	-4.77271e-14	-1.28925e-58	4.04215e-44	-4.47316e-30	-4.47316e-30	-4.77271e-14	9.56312	
7.273	4.19433e-11	1.41677	-1.43071e-14	-9.76265e-31	-9.76265e-31	-4.07247e-45	-2.41301e-59	-1.43071e-14	3.47067	-2.3149e-14	-2.3149e-14	1.58437e-30	1.15844e-44	-9.76265e-31	-2.3149e-14	5.5	2.96583e-11	-1.41546e-14	-1.94319e-30	-9.76265e-31	-2.3149e-14	2.96583e-11	5.5	-1.41546e-14	-1.94319e-30	-4.07247e-45	1.58437e-30	-1.41546e-14	-1.41546e-14	7.54944	-3.16885e-14	-2.41301e-59	1.15844e-44	-1.94319e-30	-1.94319e-30	-3.16885e-14	9.56312	
7.374	4.19432e-11	1.41677	-9.34358e-15	-4.20621e-31	-4.20621e-31	-1.14801e-45	-4.51629e-60	-9.34358e-15	3.47067	-1.5272e-14	-1.5272e-14	6.83883e-31	3.31999e-45	-4.20621e-31	-1.5272e-14	5.5	2.96583e-11	-9.26109e-15	-8.44143e-31	-4.20621e-31	-1.5272e-14	2.96583e-11	5.5	-9.26109e-15	-8.44143e-31	-1.14801e-45	6.83883e-31	-9.26109e-15	-9.26109e-15	7.54944	-2.10396e-14	-4.51629e-60	3.31999e-45	-8.44143e-31	-8.44143e-31	-2.10396e-14	9.56312	
7.475	4.19432e-11	1.41677	-6.10203e-15	-1.81223e-31	-1.81223e-31	-3.23616e-46	-8.45289e-61	-6.10203e-15	3.47067	-1.00753e-14	-1.00753e-14	2.95194e-31	9.5148e-46	-1.81223e-31	-1.00753e-14	5.5	2.96583e-11	-6.05935e-15	-3.66705e-31	-1.81223e-31	-1.00753e-14	2.96583e-11	5.5	-6.05935e-15	-3.66705e-31	-3.23616e-46	2.95194e-31	-6.05935e-15	-6.05935e-15	7.54944	-1.39693e-14	-8.45289e-61	9.5148e-46	-3.66705e-31	-3.66705e-31	-1.39693e-14	9.56312	
7.576	4.19432e-11	1.41677	-3.98506e-15	-7.80792e-32	-7.80792e-32	-9.12256e-47	-1.58208e-61	-3.98506e-15	3.47067	-6.64689e-15	-6.64689e-15	1.27419e-31	2.72686e-46	-7.80792e-32	-6.64689e-15	5.5	2.96583e-11	-3.96451e-15	-1.59301e-31	-7.80792e-32	-6.64689e-15	2.96583e-11	5.5	-3.96451e-15	-1.59301e-31	-9.12256e-47	1.27419e-31	-3.96451e-15	-3.96451e-15	7.54944	-9.27496e-15	-1.58208e-61	2.72686e-46	-1.59301e-31	-1.59301e-31	-9.27496e-15	9.56312	
7.677	4.19432e-11	1.41677	-2.60253e-15	-3.36402e-32	-3.36402e-32	-2.5716e-47	-2.96109e-62	-2.60253e-15	3.47067	-4.38511e-15	-4.38511e-15	5.49995e-32	7.81492e-47	-3.36402e-32	-4.38511e-15	5.5	2.96583e-11	-2.5939e-15	-6.92019e-32	-3.36402e-32	-4.38511e-15	2.96583e-11	5.5	-2.5939e-15	-6.92019e-32	-2.5716e-47	5.49995e-32	-2.5939e-15	-2.5939e-15	7.54944	-6.15813e-15	-2.96109e-62	7.81492e-47	-6.92019e-32	-6.92019e-32	-6.15813e-15	9.56312	
7.778	4.19432e-11	1.41677	-1.69964e-15	-1.44937e-32	-1.44937e-32	-7.24919e-48	-5.54211e-63	-1.69964e-15	3.47067	-2.89296e-15	-2.89296e-15	2.37402e-32	2.23969e-47	-1.44937e-32	-2.89296e-15	5.5	2.96583e-11	-1.69714e-15	-3.00621e-32	-1.44937e-32	-2.89296e-15	2.96583e-11	5.5	-1.69714e-15	-3.00621e-32	-7.24919e-48	2.37402e-32	-1.69714e-15	-1.69714e-15	7.54944	-4.0887e-15	-5.54211e-63	2.23969e-47	-3.00621e-32	-3.00621e-32	-4.0887e-15	9.56312	
7.879	4.19432e-11	1.41677	-1.10999e-15	-6.24458e-33	-6.24458e-33	-2.04351e-48	-1.03729e-63	-1.10999e-15	3.47067	-1.90855e-15	-1.90855e-15	1.02473e-32	6.41874e-48	-6.24458e-33	-1.90855e-15	5.5	2.96583e-11	-1.11041e-15	-1.30593e-32	-6.24458e-33	-1.90855e-15	2.96583e-11	5.5	-1.11041e-15	-1.30593e-32	-2.04351e-48	1.02473e-32	-1.11041e-15	-1.11041e-15	7.54944	-2.7147e-15	-1.03729e-63	6.41874e-48	-1.30593e-32	-1.30593e-32	-2.7147e-15	9.56312	
7.98	4.19432e-11	1.41677	-7.249e-16	-2.69045e-33	-2.69045e-33	-5.76053e-49	-1.94143e-64	-7.249e-16	3.47067	-1.25912e-15	-1.25912e-15	4.42319e-33	1.83955e-48	-2.69045e-33	-1.25912e-15	5.5	2.96583e-11	-7.26516e-16	-5.6731e-33	-2.69045e-33	-1.25912e-15	2.96583e-11	5.5	-7.26516e-16	-5.6731e-33	-5.76053e-49	4.42319e-33	-7.26516e-16	-7.26516e-16	7.54944	-1.80243e-15	-1.94143e-64	1.83955e-48	-5.6731e-33	-5.6731e-33	-1.80243e-15	9.56312	
8.081	4.19432e-11	1.41677	-4.73412e-16	-1.15917e-33	-1.15917e-33	-1.62386e-49	-3.63366e-65	-4.73412e-16	3.47067	-8.30668e-16	-8.30668e-16	1.90925e-33	5.27199e-49	-1.15917e-33	-8.30668e-16	5.5	2.96583e-11	-4.75345e-16	-2.46446e-33	-1.15917e-33	-8.30668e-16	2.96583e-11	5.5	-4.75345e-16	-2.46446e-33	-1.62386e-49	1.90925e-33	-4.75345e-16	-4.75345e-16	7.54944	-1.19673e-15	-3.63366e-65	5.27199e-49	-2.46446e-33	-2.46446e-33	-1.19673e-15	9.56312	
8.182	4.19432e-11	1.41677	-3.09172e-16	-4.99426e-34	-4.99426e-34	-4.57758e-50	-6.80092e-66	-3.09172e-16	3.47067	-5.48011e-16	-5.48011e-16	8.24114e-34	1.5109e-49	-4.99426e-34	-5.48011e-16	5.5	2.96583e-11	-3.11009e-16	-1.07059e-33	-4.99426e-34	-5.48011e-16	2.96583e-11	5.5	-3.11009e-16	-1.07059e-33	-4.57758e-50	8.24114e-34	-3.11009e-16	-3.11009e-16	7.54944	-7.94571e-16	-6.80092e-66	1.5109e-49	-1.07059e-33	-1.07059e-33	-7.94571e-16	9.56312	
8.283	4.19432e-11	1.41677	-2.01911e-16	-2.15176e-34	-2.15176e-34	-1.29039e-50	-1.27289e-66	-2.01911e-16	3.47067	-3.61535e-16	-3.61535e-16	3.55724e-34	4.33011e-50	-2.15176e-34	-3.61535e-16	5.5	2.96583e-11	-2.03487e-16	-4.65074e-34	-2.15176e-34	-3.61535e-16	2.96583e-11	5.5	-2.03487e-16	-4.65074e-34	-1.29039e-50	3.55724e-34	-2.03487e-16	-2.03487e-16	7.54944	-5.27557e-16	-1.27289e-66	4.33011e-50	-4.65074e-34	-4.65074e-34	-5.27557e-16	9.56312	
8.384	4.19432e-11	1.41677	-1.31862e-16	-9.27077e-35	-9.27077e-35	-3.63754e-51	-2.3824e-67	-1.31862e-16	3.47067	-2.38513e-16	-2.38513e-16	1.53546e-34	1.24097e-50	-9.27077e-35	-2.38513e-16	5.5	2.96583e-11	-1.33138e-16	-2.02033e-34	-9.27077e-35	-2.38513e-16	2.96583e-11	5.5	-1.33138e-16	-2.02033e-34	-3.63754e-51	1.53546e-34	-1.33138e-16	-1.33138e-16	7.54944	-3.50273e-16	-2.3824e-67	1.24097e-50	-2.02033e-34	-2.02033e-34	-3.50273e-16	9.56312	
8.485	4.19432e-11	1.41677	-8.61156e-17	-3.99428e-35	-3.99428e-35	-1.0254e-51	-4.459e-68	-8.61156e-17	3.47067	-1.57353e-16	-1.57353e-16	6.62772e-35	3.55651e-51	-3.99428e-35	-1.57353e-16	5.5	2.96583e-11	-8.71094e-17	-8.77655e-35	-3.99428e-35	-1.57353e-16	2.96583e-11	5.5	-8.71094e-17	-8.77655e-35	-1.0254e-51	6.62772e-35	-8.71094e-17	-8.71094e-17	7.54944	-2.32564e-16	-4.459e-68	3.55651e-51	-8.77655e-35	-8.77655e-35	-2.32564e-16	9.56312	
8.586	4.19432e-11	1.41677	-5.62397e-17	-1.72092e-35	-1.72092e-35	-2.89056e-52	-8.34566e-69	-5.62397e-17	3.47067	-1.03809e-16	-1.03809e-16	2.86082e-35	1.01926e-51	-1.72092e-35	-1.03809e-16	5.5	2.96583e-11	-5.6994e-17	-3.81263e-35	-1.72092e-35	-1.03809e-16	2.96583e-11	5.5	-5.6994e-17	-3.81263e-35	-2.89056e-52	2.86082e-35	-5.6994e-17	-5.6994e-17	7.54944	-1.54412e-16	-8.34566e-69	1.01926e-51	-3.81263e-35	-3.81263e-35	-1.54412e-16	9.56312	
8.687	4.19432e-11	1.41677	-3.67285e-17	-7.41453e-36	-7.41453e-36	-8.14831e-53	-1.56201e-69	-3.67285e-17	3.47067	-6.84854e-17	-6.84854e-17	1.23485e-35	2.92112e-52	-7.41453e-36	-6.84854e-17	5.5	2.96583e-11	-3.729e-17	-1.65625e-35	-7.41453e-36	-6.84854e-17	2.96583e-11	5.5	-3.729e-17	-1.65625e-35	-8.14831e-53	1.23485e-35	-3.729e-17	-3.729e-17	7.54944	-1.02522e-16	-1.56201e-69	2.92112e-52	-1.65625e-35	-1.65625e-35	-1.02522e-16	9.56312	
8.788	4.19432e-11	1.41677	-2.39864e-17	-3.19452e-36	-3.19452e-36	-2.29696e-53	-2.92353e-70	-2.39864e-17	3.47067	-4.51814e-17	-4.51814e-17	5.33017e-36	8.37166e-53	-3.19452e-36	-4.51814e-17	5.5	2.96583e-11	-2.43981e-17	-7.19492e-36	-3.19452e-36	-4.51814e-17	2.96583e-11	5.5	-2.43981e-17	-7.19492e-36	-2.29696e-53	5.33017e-36	-2.43981e-17	-2.43981e-17	7.54944	-6.80696e-17	-2.92353e-70	8.37166e-53	-7.19492e-36	-7.19492e-36	-6.80696e-17	9.56312	
8.889	4.19432e-11	1.41677	-1.56648e-17	-1.37635e-36	-1.37635e-36	-6.47501e-54	-5.4718e-71	-1.56648e-17	3.47067	-2.98072e-17	-2.98072e-17	2.30074e-36	2.39924e-53	-1.37635e-36	-2.98072e-17	5.5	2.96583e-11	-1.59632e-17	-3.12555e-36	-1.37635e-36	-2.98072e-17	2.96583e-11	5.5	-1.59632e-17	-3.12555e-36	-6.47501e-54	2.30074e-36	-1.59632e-17	-1.59632e-17	7.54944	-4.5195e-17	-5.4718e-71	2.39924e-53	-3.12555e-36	-3.12555e-36	-4.5195e-17	9.56312	
8.99	4.19432e-11	1.41677	-1.02302e-17	-5.92995e-37	-5.92995e-37	-1.82527e-54	-1.02413e-71	-1.02302e-17	3.47067	-1.96645e-17	-1.96645e-17	9.931e-37	6.87601e-54	-5.92995e-37	-1.96645e-17	5.5	2.96583e-11	-1.04444e-17	-1.35777e-36	-5.92995e-37	-1.96645e-17	2.96583e-11	5.5	-1.04444e-17	-1.35777e-36	-1.82527e-54	9.931e-37	-1.04444e-17	-1.04444e-17	7.54944	-3.00073e-17	-1.02413e-71	6.87601e-54	-1.35777e-36	-1.35777e-36	-3.00073e-17	9.56312	
9.091	4.19432e-11	1.41677	-6.68108e-18	-2.5549e-37	-2.5549e-37	-5.14533e-55	-1.9168e-72	-6.68108e-18	3.47067	-1.29731e-17	-1.29731e-17	4.28665e-37	1.9706e-54	-2.5549e-37	-1.29731e-17	5.5	2.96583e-11	-6.83358e-18	-5.89831e-37	-2.5549e-37	-1.29731e-17	2.96583e-11	5.5	-6.83358e-18	-5.89831e-37	-5.14533e-55	4.28665e-37	-6.83358e-18	-6.83358e-18	7.54944	-1.99234e-17	-1.9168e-72	1.9706e-54	-5.89831e-37	-5.89831e-37	-1.99234e-17	9.56312	
9.192	4.19432e-11	1.41677	-4.36322e-18	-1.10077e-37	-1.10077e-37	-1.45044e-55	-3.58757e-73	-4.36322e-18	3.47067	-8.55868e-18	-8.55868e-18	1.85031e-37	5.64757e-55	-1.10077e-37	-8.55868e-18	5.5	2.96583e-11	-4.47108e-18	-2.56229e-37	-1.10077e-37	-8.55868e-18	2.96583e-11	5.5	-4.47108e-18	-2.56229e-37	-1.45044e-55	1.85031e-37	-4.47108e-18	-4.47108e-18	7.54944	-1.32282e-17	-3.58757e-73	5.64757e-55	-2.56229e-37	-2.56229e-37	-1.32282e-17	9.56312	
9.293	4.19432e-11	1.41677	-2.8495e-18	-4.74262e-38	-4.74262e-38	-4.08871e-56	-6.71465e-74	-2.8495e-18	3.47067	-5.64636e-18	-5.64636e-18	7.98674e-38	1.61854e-55	-4.74262e-38	-5.64636e-18	5.5	2.96583e-11	-2.92534e-18	-1.11309e-37	-4.74262e-38	-5.64636e-18	2.96583e-11	5.5	-2.92534e-18	-1.11309e-37	-4.08871e-56	7.98674e-38	-2.92534e-18	-2.92534e-18	7.54944	-8.78288e-18	-6.71465e-74	1.61854e-55	-1.11309e-37	-1.11309e-37	-8.78288e-18	9.56312	
9.394	4.19432e-11	1.41677	-1.86092e-18	-2.04334e-38	-2.04334e-38	-1.15258e-56	-1.25674e-74	-1.86092e-18	3.47067	-3.72504e-18	-3.72504e-18	3.44743e-38	4.63859e-56	-2.04334e-38	-3.72504e-18	5.5	2.96583e-11	-1.91399e-18	-4.83537e-38	-2.04334e-38	-3.72504e-18	2.96583e-11	5.5	-1.91399e-18	-4.83537e-38	-1.15258e-56	3.44743e-38	-1.91399e-18	-1.91399e-18	7.54944	-5.83141e-18	-1.25674e-74	4.63859e-56	-4.83537e-38	-4.83537e-38	-5.83141e-18	9.56312	
9.495	4.19432e-11	1.41677	-1.21532e-18	-8.80367e-39	-8.80367e-39	-3.24907e-57	-2.35217e-75	-1.21532e-18	3.47067	-2.45749e-18	-2.45749e-18	1.48806e-38	1.32938e-56	-8.80367e-39	-2.45749e-18	5.5	2.96583e-11	-1.25229e-18	-2.10054e-38	-8.80367e-39	-2.45749e-18	2.96583e-11	5.5	-1.25229e-18	-2.10054e-38	-3.24907e-57	1.48806e-38	-1.25229e-18	-1.25229e-18	7.54944	-3.87178e-18	-2.35217e-75	1.32938e-56	-2.10054e-38	-2.10054e-38	-3.87178e-18	9.56312	
9.596	4.19432e-11	1.41677	-7.93689e-19	-3.79303e-39	-3.79303e-39	-9.15895e-58	-4.40243e-76	-7.93689e-19	3.47067	-1.62126e-18	-1.62126e-18	6.42313e-39	3.80988e-57	-3.79303e-39	-1.62126e-18	5.5	2.96583e-11	-8.19347e-19	-9.12496e-39	-3.79303e-39	-1.62126e-18	2.96583e-11	5.5	-8.19347e-19	-9.12496e-39	-9.15895e-58	6.42313e-39	-8.19347e-19	-8.19347e-19	7.54944	-2.57068e-18	-4.40243e-76	3.80988e-57	-9.12496e-39	-9.12496e-39	-2.57068e-18	9.56312	
9.697	4.19432e-11	1.41677	-5.18336e-19	-1.63421e-39	-1.63421e-39	-2.58186e-58	-8.23979e-77	-5.18336e-19	3.47067	-1.06959e-18	-1.06959e-18	2.77251e-39	1.09188e-57	-1.63421e-39	-1.06959e-18	5.5	2.96583e-11	-5.36083e-19	-3.96398e-39	-1.63421e-39	-1.06959e-18	2.96583e-11	5.5	-5.36083e-19	-3.96398e-39	-2.58186e-58	2.77251e-39	-5.36083e-19	-5.36083e-19	7.54944	-1.70681e-18	-8.23979e-77	1.09188e-57	-3.96398e-39	-3.96398e-39	-1.70681e-18	9.56312	
9.798	4.19432e-11	1.41677	-3.3851e-19	-7.04095e-40	-7.04095e-40	-7.27811e-59	-1.54219e-77	-3.3851e-19	3.47067	-7.05631e-19	-7.05631e-19	1.19674e-39	3.12922e-58	-7.04095e-40	-7.05631e-19	5.5	2.96583e-11	-3.50748e-19	-1.722e-39	-7.04095e-40	-7.05631e-19	2.96583e-11	5.5	-3.50748e-19	-1.722e-39	-7.27811e-59	1.19674e-39	-3.50748e-19	-3.50748e-19	7.54944	-1.13324e-18	-1.54219e-77	3.12922e-58	-1.722e-39	-1.722e-39	-1.13324e-18	9.56312	
9.899	4.19432e-11	1.41677	-2.21071e-19	-3.03357e-40	-3.03357e-40	-2.05166e-59	-2.88644e-78	-2.21071e-19	3.47067	-4.65521e-19	-4.65521e-19	5.16564e-40	8.96806e-59	-3.03357e-40	-4.65521e-19	5.5	2.96583e-11	-2.29488e-19	-7.48054e-40	-3.03357e-40	-4.65521e-19	2.96583e-11	5.5	-2.29488e-19	-7.48054e-40	-2.05166e-59	5.16564e-40	-2.29488e-19	-2.29488e-19	7.54944	-7.52416e-19	-2.88644e-78	8.96806e-59	-7.48054e-40	-7.48054e-40	-7.52416e-19	9.56312	
10	4.19432e-11	1.41677	-1.44375e-19	-1.307e-40	-1.307e-40	-5.78351e-60	-5.40239e-79	-1.44375e-19	3.47067	-3.07115e-19	-3.07115e-19	2.22972e-40	2.57017e-59	-1.307e-40	-3.07115e-19	5.5	2.96583e-11	-1.50149e-19	-3.24963e-40	-1.307e-40	-3.07115e-19	2.96583e-11	5.5	-1.50149e-19	-3.24963e-40	-5.78351e-60	2.22972e-40	-1.50149e-19	-1.50149e-19	7.54944	-4.99568e-19	-5.40239e-79	2.57017e-59	-3.24963e-40	-3.24963e-40	-4.99568e-19	9.56312	
