# d = 1
# g, Ecorr from MBPT2, analytical Ecorr (pg. 365)
-0.995	-0.460456	-0.460456
-0.985	-0.448237	-0.448237
-0.975	-0.436283	-0.436283
-0.965	-0.424585	-0.424585
-0.955	-0.41314	-0.41314
-0.945	-0.401941	-0.401941
-0.935	-0.390982	-0.390982
-0.925	-0.380258	-0.380258
-0.915	-0.369763	-0.369763
-0.905	-0.359494	-0.359494
-0.895	-0.349444	-0.349444
-0.885	-0.33961	-0.33961
-0.875	-0.329986	-0.329986
-0.865	-0.320569	-0.320569
-0.855	-0.311354	-0.311354
-0.845	-0.302336	-0.302336
-0.835	-0.293513	-0.293513
-0.825	-0.284879	-0.284879
-0.815	-0.276432	-0.276432
-0.805	-0.268167	-0.268167
-0.795	-0.260082	-0.260082
-0.785	-0.252172	-0.252172
-0.775	-0.244435	-0.244435
-0.765	-0.236866	-0.236866
-0.755	-0.229464	-0.229464
-0.745	-0.222225	-0.222225
-0.735	-0.215145	-0.215145
-0.725	-0.208223	-0.208223
-0.715	-0.201455	-0.201455
-0.705	-0.194839	-0.194839
-0.695	-0.188371	-0.188371
-0.685	-0.18205	-0.18205
-0.675	-0.175873	-0.175873
-0.665	-0.169837	-0.169837
-0.655	-0.16394	-0.16394
-0.645	-0.15818	-0.15818
-0.635	-0.152555	-0.152555
-0.625	-0.147062	-0.147062
-0.615	-0.141699	-0.141699
-0.605	-0.136464	-0.136464
-0.595	-0.131355	-0.131355
-0.585	-0.12637	-0.12637
-0.575	-0.121507	-0.121507
-0.565	-0.116764	-0.116764
-0.555	-0.11214	-0.11214
-0.545	-0.107633	-0.107633
-0.535	-0.10324	-0.10324
-0.525	-0.09896	-0.09896
-0.515	-0.0947917	-0.0947917
-0.505	-0.0907332	-0.0907332
-0.495	-0.0867828	-0.0867828
-0.485	-0.0829391	-0.0829391
-0.475	-0.0792005	-0.0792005
-0.465	-0.0755655	-0.0755655
-0.455	-0.0720326	-0.0720326
-0.445	-0.0686005	-0.0686005
-0.435	-0.0652676	-0.0652676
-0.425	-0.0620326	-0.0620326
-0.415	-0.0588943	-0.0588943
-0.405	-0.0558513	-0.0558513
-0.395	-0.0529022	-0.0529022
-0.385	-0.0500459	-0.0500459
-0.375	-0.0472812	-0.0472812
-0.365	-0.0446067	-0.0446067
-0.355	-0.0420214	-0.0420214
-0.345	-0.039524	-0.039524
-0.335	-0.0371135	-0.0371135
-0.325	-0.0347888	-0.0347888
-0.315	-0.0325486	-0.0325486
-0.305	-0.0303921	-0.0303921
-0.295	-0.0283181	-0.0283181
-0.285	-0.0263256	-0.0263256
-0.275	-0.0244136	-0.0244136
-0.265	-0.0225811	-0.0225811
-0.255	-0.0208271	-0.0208271
-0.245	-0.0191508	-0.0191508
-0.235	-0.0175511	-0.0175511
-0.225	-0.0160271	-0.0160271
-0.215	-0.0145781	-0.0145781
-0.205	-0.0132029	-0.0132029
-0.195	-0.0119009	-0.0119009
-0.185	-0.0106712	-0.0106712
-0.175	-0.00951285	-0.00951285
-0.165	-0.00842512	-0.00842512
-0.155	-0.00740719	-0.00740719
-0.145	-0.00645827	-0.00645827
-0.135	-0.00557758	-0.00557758
-0.125	-0.00476436	-0.00476436
-0.115	-0.00401785	-0.00401785
-0.105	-0.00333732	-0.00333732
-0.095	-0.00272204	-0.00272204
-0.085	-0.00217131	-0.00217131
-0.075	-0.00168442	-0.00168442
-0.065	-0.00126068	-0.00126068
-0.055	-0.000899422	-0.000899422
-0.045	-0.000599969	-0.000599969
-0.035	-0.00036167	-0.00036167
-0.025	-0.000183881	-0.000183881
-0.015	-6.59669e-05	-6.59669e-05
-0.005	-7.30428e-06	-7.30428e-06
0.005	-7.2791e-06	-7.2791e-06
0.015	-6.52872e-05	-6.52872e-05
0.025	-0.000180734	-0.000180734
0.035	-0.000353034	-0.000353034
0.045	-0.000581611	-0.000581611
0.055	-0.000865898	-0.000865898
0.065	-0.00120534	-0.00120534
0.075	-0.00159938	-0.00159938
0.085	-0.00204748	-0.00204748
0.095	-0.0025491	-0.0025491
0.105	-0.00310373	-0.00310373
0.115	-0.00371084	-0.00371084
0.125	-0.00436993	-0.00436993
0.135	-0.00508049	-0.00508049
0.145	-0.00584202	-0.00584202
0.155	-0.00665405	-0.00665405
0.165	-0.00751609	-0.00751609
0.175	-0.00842766	-0.00842766
0.185	-0.0093883	-0.0093883
0.195	-0.0103976	-0.0103976
0.205	-0.011455	-0.011455
0.215	-0.0125601	-0.0125601
0.225	-0.0137125	-0.0137125
0.235	-0.0149117	-0.0149117
0.245	-0.0161573	-0.0161573
0.255	-0.0174489	-0.0174489
0.265	-0.0187861	-0.0187861
0.275	-0.0201684	-0.0201684
0.285	-0.0215955	-0.0215955
0.295	-0.0230669	-0.0230669
0.305	-0.0245823	-0.0245823
0.315	-0.0261413	-0.0261413
0.325	-0.0277434	-0.0277434
0.335	-0.0293884	-0.0293884
0.345	-0.0310757	-0.0310757
0.355	-0.0328052	-0.0328052
0.365	-0.0345763	-0.0345763
0.375	-0.0363888	-0.0363888
0.385	-0.0382422	-0.0382422
0.395	-0.0401363	-0.0401363
0.405	-0.0420707	-0.0420707
0.415	-0.044045	-0.044045
0.425	-0.0460589	-0.0460589
0.435	-0.0481122	-0.0481122
0.445	-0.0502043	-0.0502043
0.455	-0.0523351	-0.0523351
0.465	-0.0545042	-0.0545042
0.475	-0.0567113	-0.0567113
0.485	-0.0589561	-0.0589561
0.495	-0.0612382	-0.0612382
0.505	-0.0635574	-0.0635574
0.515	-0.0659133	-0.0659133
0.525	-0.0683057	-0.0683057
0.535	-0.0707343	-0.0707343
0.545	-0.0731988	-0.0731988
0.555	-0.0756989	-0.0756989
0.565	-0.0782343	-0.0782343
0.575	-0.0808047	-0.0808047
0.585	-0.0834099	-0.0834099
0.595	-0.0860495	-0.0860495
0.605	-0.0887234	-0.0887234
0.615	-0.0914312	-0.0914312
0.625	-0.0941727	-0.0941727
0.635	-0.0969476	-0.0969476
0.645	-0.0997557	-0.0997557
0.655	-0.102597	-0.102597
0.665	-0.10547	-0.10547
0.675	-0.108376	-0.108376
0.685	-0.111315	-0.111315
0.695	-0.114285	-0.114285
0.705	-0.117286	-0.117286
0.715	-0.12032	-0.12032
0.725	-0.123384	-0.123384
0.735	-0.12648	-0.12648
0.745	-0.129606	-0.129606
0.755	-0.132762	-0.132762
0.765	-0.135949	-0.135949
0.775	-0.139166	-0.139166
0.785	-0.142413	-0.142413
0.795	-0.14569	-0.14569
0.805	-0.148996	-0.148996
0.815	-0.152331	-0.152331
0.825	-0.155695	-0.155695
0.835	-0.159088	-0.159088
0.845	-0.162509	-0.162509
0.855	-0.165959	-0.165959
0.865	-0.169437	-0.169437
0.875	-0.172943	-0.172943
0.885	-0.176476	-0.176476
0.895	-0.180038	-0.180038
0.905	-0.183626	-0.183626
0.915	-0.187242	-0.187242
0.925	-0.190885	-0.190885
0.935	-0.194554	-0.194554
0.945	-0.198251	-0.198251
0.955	-0.201973	-0.201973
0.965	-0.205722	-0.205722
0.975	-0.209497	-0.209497
0.985	-0.213298	-0.213298
0.995	-0.217125	-0.217125
